$SPEC_ID:
0 Degrees, A 541992 B 453919 C 21515 Start 14:47 10/13 Stop 14:2
$SPEC_REM:
DET# 1
DETDESC# GAMMA GAMMA LAB MCB 1
AP# Maestro Version 5.33
$DATE_MEA:
02/24/2020 14:54:59
$MEAS_TIM:
755 755
$DATA:
0 2047
       0
       0
       0
       0
       0
       0
       0
       0
       0
       0
       0
       0
       0
       0
       0
       0
       0
       0
       0
       0
       0
       0
       0
       0
       0
       2
       2
       2
       1
       1
       3
       2
       0
       0
       0
       0
       0
       0
       0
       0
       0
       0
       0
       0
       0
       0
       0
       0
       1
       0
       0
       0
       0
       0
       0
       0
       0
       0
       0
       0
       0
       0
       0
       0
       0
       0
       0
       0
       0
       0
       0
       0
       0
       0
       0
       0
       0
       0
       0
       0
       0
       0
       0
       0
       0
       0
       0
       0
       0
       0
       0
       0
       0
       0
       0
       0
       0
       0
       0
       0
       0
       0
       0
       0
       0
       0
       0
       0
       0
       0
       0
       0
       0
       0
       0
       1
       0
       0
       0
       0
       0
       0
       0
       0
       0
       3
       3
       3
       1
       0
       1
       2
       1
       2
       1
       2
       1
       1
       1
       2
       1
       0
       2
       1
       1
       0
       0
       0
       3
       1
       1
       3
       0
       0
       1
       2
       2
       1
       0
       1
       1
       1
       1
       2
       1
       0
       1
       0
       1
       2
       0
       3
       1
       1
       0
       0
       1
       1
       1
       1
       2
       1
       1
       0
       0
       2
       0
       2
       0
       0
       1
       0
       4
       1
       1
       4
       0
       1
       4
       5
       0
       0
       0
       0
       0
       2
       1
       1
       0
       0
       2
       1
       1
       1
       0
       1
       4
       1
       1
       1
       1
       0
       1
       0
       0
       0
       1
       1
       0
       0
       0
       0
       0
       0
       0
       1
       1
       0
       0
       1
       1
       0
       0
       0
       1
       1
       2
       0
       2
       1
       0
       0
       0
       2
       0
       1
       0
       0
       3
       1
       1
       2
       0
       1
       6
       2
       1
       1
       2
       1
       0
       2
       0
       3
       2
       0
       0
       1
       0
       1
       0
       2
       0
       1
       0
       0
       1
       0
       2
       0
       0
       1
       1
       1
       0
       1
       1
       1
       1
       0
       0
       3
       0
       1
       1
       1
       1
       1
       1
       0
       0
       2
       2
       1
       4
       1
       1
       2
       2
       3
       2
       2
       0
       4
       1
       0
       1
       1
       3
       1
       1
       1
       6
       1
       0
       3
       6
       4
       4
       2
       3
       7
       5
      12
      14
      20
       8
       4
       0
       1
       0
       0
       0
       1
       4
       0
       1
       2
       1
       0
       0
       0
       1
       0
       1
       1
       0
       1
       0
       0
       0
       2
       1
       1
       0
       1
       0
       0
       0
       3
       1
       0
       1
       1
       2
       0
       2
       3
       0
       0
       1
       0
       0
       0
       1
       3
       0
       2
       1
       1
       0
       2
       0
       1
       0
       1
       0
       4
       2
       3
       1
       3
       4
       4
       7
       3
       7
       6
       5
       8
       8
      16
      17
      19
      18
      13
      15
      18
      36
      41
      46
      43
      65
      63
      75
      90
      85
     107
     100
     101
     105
     125
     117
     134
     132
     144
     130
     141
     118
     129
     141
     153
     141
     126
     143
     118
     118
     129
     113
     101
      88
      78
      86
      73
      72
      59
      60
      66
      60
      44
      31
      32
      25
      25
      26
      22
      18
      19
      10
      12
      12
       8
       7
      10
       9
      10
       2
       2
       2
       4
       7
       2
       2
       1
       1
       2
       2
       1
       1
       1
       0
       0
       0
       0
       2
       3
       1
       0
       1
       0
       0
       0
       0
       0
       2
       1
       2
       0
       1
       0
       1
       1
       1
       2
       0
       0
       2
       0
       0
       0
       1
       0
       1
       0
       1
       0
       2
       1
       1
       2
       0
       0
       1
       1
       0
       1
       2
       0
       1
       0
       1
       0
       0
       2
       1
       1
       0
       1
       0
       1
       0
       0
       1
       0
       0
       1
       0
       1
       1
       0
       3
       0
       1
       0
       1
       1
       2
       0
       1
       1
       1
       1
       0
       0
       0
       1
       0
       0
       0
       0
       0
       0
       1
       2
       0
       1
       0
       1
       0
       0
       1
       1
       0
       2
       1
       0
       0
       1
       0
       1
       1
       0
       0
       0
       1
       1
       0
       0
       1
       1
       0
       0
       0
       1
       0
       1
       1
       1
       0
       2
       0
       0
       1
       0
       1
       1
       0
       1
       1
       1
       0
       0
       0
       1
       1
       1
       1
       0
       0
       3
       2
       1
       1
       0
       1
       0
       0
       0
       0
       1
       1
       0
       0
       0
       1
       0
       0
       0
       2
       0
       0
       2
       0
       1
       1
       0
       3
       0
       0
       0
       0
       0
       1
       0
       1
       0
       0
       0
       0
       2
       1
       0
       0
       1
       1
       0
       0
       1
       1
       1
       1
       0
       0
       0
       2
       0
       0
       0
       0
       1
       2
       0
       0
       1
       0
       0
       0
       2
       2
       0
       0
       0
       2
       0
       0
       0
       1
       0
       0
       0
       1
       0
       0
       1
       2
       1
       1
       1
       0
       0
       0
       0
       0
       0
       1
       0
       2
       1
       1
       0
       1
       2
       0
       0
       0
       0
       1
       0
       0
       0
       1
       1
       0
       0
       1
       2
       1
       0
       0
       0
       2
       0
       0
       1
       1
       1
       0
       2
       0
       0
       0
       0
       0
       0
       4
       0
       1
       0
       0
       1
       0
       1
       0
       0
       0
       0
       0
       1
       0
       2
       1
       1
       2
       0
       1
       1
       0
       0
       0
       1
       0
       0
       1
       0
       2
       0
       2
       0
       0
       0
       4
       0
       1
       0
       1
       0
       0
       0
       1
       0
       0
       1
       0
       2
       1
       0
       0
       0
       0
       0
       0
       1
       0
       0
       0
       0
       0
       0
       0
       0
       2
       0
       1
       1
       0
       0
       0
       1
       0
       1
       2
       2
       0
       0
       1
       0
       1
       2
       1
       0
       0
       1
       0
       2
       2
       0
       0
       0
       0
       0
       0
       2
       1
       0
       0
       1
       1
       0
       2
       1
       0
       3
       2
       1
       1
       0
       1
       2
       0
       0
       3
       0
       0
       1
       0
       2
       0
       1
       1
       1
       1
       0
       0
       1
       0
       2
       0
       0
       0
       1
       0
       0
       0
       0
       1
       1
       0
       1
       0
       0
       1
       0
       1
       0
       2
       0
       0
       0
       0
       0
       1
       0
       1
       0
       0
       0
       0
       0
       1
       0
       0
       0
       2
       1
       0
       0
       0
       1
       1
       1
       0
       1
       1
       1
       1
       0
       0
       1
       0
       1
       0
       0
       1
       1
       2
       0
       0
       0
       0
       1
       1
       0
       1
       2
       2
       1
       1
       0
       0
       1
       2
       0
       1
       0
       1
       0
       1
       0
       0
       1
       0
       0
       2
       1
       0
       1
       0
       1
       1
       1
       1
       1
       0
       0
       0
       1
       1
       1
       0
       0
       1
       0
       0
       0
       0
       0
       0
       0
       0
       1
       1
       1
       1
       0
       0
       0
       1
       0
       0
       1
       1
       0
       0
       1
       1
       1
       1
       0
       0
       1
       0
       0
       1
       0
       2
       2
       1
       0
       0
       2
       1
       0
       0
       0
       0
       0
       0
       0
       0
       0
       0
       0
       0
       1
       0
       0
       0
       0
       0
       0
       0
       1
       1
       0
       1
       0
       0
       0
       0
       0
       0
       0
       2
       0
       3
       1
       1
       1
       0
       0
       2
       0
       1
       0
       0
       0
       0
       0
       0
       1
       0
       0
       0
       0
       0
       0
       0
       1
       0
       2
       0
       0
       1
       0
       1
       1
       0
       1
       0
       0
       1
       0
       0
       0
       0
       0
       0
       0
       1
       3
       2
       1
       0
       0
       0
       1
       0
       0
       1
       1
       1
       0
       0
       0
       1
       0
       0
       1
       1
       0
       1
       1
       0
       0
       0
       0
       0
       1
       0
       0
       0
       0
       1
       2
       1
       0
       0
       2
       1
       0
       2
       1
       2
       1
       0
       0
       1
       2
       3
       0
       1
       0
       0
       0
       0
       0
       0
       0
       1
       0
       0
       0
       2
       0
       1
       0
       0
       0
       1
       0
       0
       0
       1
       0
       1
       1
       1
       0
       0
       0
       0
       0
       0
       0
       0
       0
       0
       0
       0
       0
       0
       0
       0
       0
       0
       0
       0
       0
       0
       0
       0
       0
       0
       0
       0
       0
       0
       0
       0
       0
       0
       0
       0
       0
       0
       0
       0
       0
       0
       0
       0
       0
       0
       0
       0
       0
       0
       0
       0
       0
       0
       0
       0
       0
       0
       0
       0
       0
       0
       0
       0
       0
       0
       0
       0
       0
       0
       0
       0
       0
       0
       0
       0
       0
       0
       0
       0
       0
       0
       0
       0
       0
       0
       0
       0
       0
       0
       0
       0
       0
       0
       0
       0
       0
       0
       0
       0
       0
       0
       0
       0
       0
       0
       0
       0
       0
       0
       0
       0
       0
       0
       0
       0
       0
       0
       0
       0
       0
       0
       0
       0
       0
       0
       0
       0
       0
       0
       0
       0
       0
       0
       0
       0
       0
       0
       0
       0
       0
       0
       0
       0
       0
       0
       0
       0
       0
       0
       0
       0
       0
       0
       0
       0
       0
       0
       0
       0
       0
       0
       0
       0
       0
       0
       0
       0
       0
       0
       0
       0
       0
       0
       0
       0
       0
       0
       0
       0
       0
       0
       0
       0
       0
       0
       0
       0
       0
       0
       0
       0
       0
       0
       0
       0
       0
       0
       0
       0
       0
       0
       0
       0
       0
       0
       0
       0
       0
       0
       0
       0
       0
       0
       0
       0
       0
       0
       0
       0
       0
       0
       0
       0
       0
       0
       0
       0
       0
       0
       0
       0
       0
       0
       0
       0
       0
       0
       0
       0
       0
       0
       0
       0
       0
       0
       0
       0
       0
       0
       0
       0
       0
       0
       0
       0
       0
       0
       0
       0
       0
       0
       0
       0
       0
       0
       0
       0
       0
       0
       0
       0
       0
       0
       0
       0
       0
       0
       0
       0
       0
       0
       0
       0
       0
       0
       0
       0
       0
       0
       0
       0
       0
       0
       0
       0
       0
       0
       0
       0
       0
       0
       0
       0
       0
       0
       0
       0
       0
       0
       0
       0
       0
       0
       0
       0
       0
       0
       0
       0
       0
       0
       0
       0
       0
       0
       0
       0
       0
       0
       0
       0
       0
       0
       0
       0
       0
       0
       0
       0
       0
       0
       0
       0
       0
       0
       0
       0
       0
       0
       0
       0
       0
       0
       0
       0
       0
       0
       0
       0
       0
       0
       0
       0
       0
       0
       0
       0
       0
       0
       0
       0
       0
       0
       0
       0
       0
       0
       0
       0
       0
       0
       0
       0
       0
       0
       0
       0
       0
       0
       0
       0
       0
       0
       0
       0
       0
       0
       0
       0
       0
       0
       0
       0
       0
       0
       0
       0
       0
       0
       0
       0
       0
       0
       0
       0
       0
       0
       0
       0
       0
       0
       0
       0
       0
       0
       0
       0
       0
       0
       0
       0
       0
       0
       0
       0
       0
       0
       0
       0
       0
       0
       0
       0
       0
       0
       0
       0
       0
       0
       0
       0
       0
       0
       0
       0
       0
       0
       0
       0
       0
       0
       0
       0
       0
       0
       0
       0
       0
       0
       0
       0
       0
       0
       0
       0
       0
       0
       0
       0
       0
       0
       0
       0
       0
       0
       0
       0
       0
       0
       0
       0
       0
       0
       0
       0
       0
       0
       0
       0
       0
       0
       0
       0
       0
       0
       0
       0
       0
       0
       0
       0
       0
       0
       0
       0
       0
       0
       0
       0
       0
       0
       0
       0
       0
       0
       0
       0
       0
       0
       0
       0
       0
       0
       0
       0
       0
       0
       0
       0
       0
       0
       0
       0
       0
       0
       0
       0
       0
       0
       0
       0
       0
       0
       0
       0
       0
       0
       0
       0
       0
       0
       0
       0
       0
       0
       0
       0
       0
       0
       0
       0
       0
       0
       0
       0
       0
       0
       0
       0
       0
       0
       0
       0
       0
       0
       0
       0
       0
       0
       0
       0
       0
       0
       0
       0
       0
       0
       0
       0
       0
       0
       0
       0
       0
       0
       0
       0
       0
       0
       0
       0
       0
       0
       0
       0
       0
       0
       0
       0
       0
       0
       0
       0
       0
       0
       0
       0
       0
       0
       0
       0
       0
       0
       0
       0
       0
       0
       0
       0
       0
       0
       0
       0
       0
       0
       0
       0
       0
       0
       0
       0
       0
       0
       0
       0
       0
       0
       0
       0
       0
       0
       0
       0
       0
       0
       0
       0
       0
       0
       0
       0
       0
       0
       0
       0
       0
       0
       0
       0
       0
       0
       0
       0
       0
       0
       0
       0
       0
       0
       0
       0
       0
       0
       0
       0
       0
       0
       0
       0
       0
       0
       0
       0
       0
       0
       0
       0
       0
       0
       0
       0
       0
       0
       0
       0
       0
       0
       0
       0
       0
       0
       0
       0
       0
       0
       0
       0
       0
       0
       0
       0
       0
       0
       0
       0
       0
       0
       0
       0
       0
       0
       0
       0
       0
       0
       0
       0
       0
       0
       0
       0
       0
       0
       0
       0
       0
       0
       0
       0
       0
       0
       0
       0
       0
       0
       0
       0
       0
       0
       0
       0
       0
       0
       0
       0
       0
       0
       0
       0
       0
       0
       0
       0
       0
       0
       0
       0
       0
       0
       0
       0
       0
       0
       0
       0
       0
       0
       0
       0
       0
       0
       0
       0
       0
       0
       0
       0
       0
       0
       0
       0
       0
       0
       0
       0
       0
       0
       0
       0
       0
       0
       0
       0
       0
       0
       0
       0
       0
       0
       0
$ROI:
0
$PRESETS:
None
0
0
$ENER_FIT:
0.000000 2.720930
$MCA_CAL:
3
0.000000E+000 2.720930E+000 0.000000E+000
$SHAPE_CAL:
3
0.000000E+000 0.000000E+000 0.000000E+000
