  0.029163	  1.854761
  0.028951	  1.754345
  0.029093	  1.657271
  0.028951	  1.538437
  0.029022	  1.443956
  0.028951	  1.320346
  0.028810	  1.225661
  0.028951	  1.100755
  0.028740	  1.006069
  0.028669	  0.887644
  0.028528	  0.796437
  0.028528	  0.677671
  0.028528	  0.580325
  0.028386	  0.468926
  0.028175	  0.375946
  0.028245	  0.260522
  0.027680	  0.169179
  0.005296	  0.058530
  0.001200	 -0.031789
  0.000918	 -0.144280
  0.001130	 -0.240330
  0.001130	 -0.362916
  0.000989	 -0.464014
  0.001130	 -0.566136
  0.000989	 -0.676647
  0.000847	 -0.781429
  0.001130	 -0.894329
  0.000989	 -1.004432
 -0.003743	 -1.098708
 -0.026762	 -1.214336
 -0.026833	 -1.323416
 -0.027045	 -1.429357
 -0.027186	 -1.543758
 -0.027186	 -1.650995
 -0.027186	 -1.765396
 -0.027115	 -1.893030
 -0.027398	 -1.993856
 -0.027327	 -2.122650
 -0.027539	 -2.222452
 -0.030787	 -2.341832
 -0.032694	 -2.457324
 -0.034106	 -2.580661
 -0.035659	 -2.689126
 -0.037072	 -2.813077
 -0.038767	 -2.926864
 -0.040037	 -3.049723
 -0.041591	 -3.177835
 -0.043286	 -3.291417
 -0.044557	 -3.427783
 -0.046181	 -3.554122
 -0.047523	 -3.673912
 -0.049005	 -3.776101
 -0.050630	 -3.921745
 -0.052183	 -4.046105
 -0.053736	 -4.186224
 -0.055431	 -4.299192
 -0.056985	 -4.452749
 -0.058679	 -4.571447
 -0.060374	 -4.717637
 -0.062210	 -4.844248
 -0.063693	 -5.000875
 -0.065458	 -5.137309
 -0.067294	 -5.267127
 -0.069271	 -5.392579
 -0.070754	 -5.550433
 -0.072449	 -5.691029
 -0.074708	 -5.828146
 -0.075980	 -5.978497
 -0.078169	 -6.115205
 -0.080075	 -6.263918
 -0.082335	 -6.417407
 -0.079298	 -6.191813
 -0.076544	 -5.914373
 -0.073720	 -5.683935
 -0.070472	 -5.463184
 -0.067506	 -5.206482
 -0.064399	 -4.964583
 -0.061645	 -4.765866
 -0.058891	 -4.522603
 -0.056349	 -4.283297
 -0.053171	 -4.051494
 -0.050841	 -3.838315
 -0.047734	 -3.637415
 -0.045616	 -3.416323
 -0.042721	 -3.189296
 -0.040320	 -3.005177
 -0.037354	 -2.795614
 -0.035095	 -2.581616
 -0.031988	 -2.380102
 -0.027892	 -2.195165
 -0.028033	 -1.988876
 -0.027892	 -1.798140
 -0.027610	 -1.631826
 -0.027539	 -1.440136
 -0.027610	 -1.258268
 -0.027186	 -1.070602
 -0.027257	 -0.880140
 -0.027186	 -0.697181
 -0.027045	 -0.526569
 -0.026833	 -0.362098
 -0.026621	 -0.185688
  0.000353	 -0.011529
  0.000494	  0.157173
  0.000565	  0.354594
  0.000424	  0.517838
  0.000494	  0.714508
  0.000424	  0.867520
  0.000353	  1.064736
  0.028386	  1.244011
  0.028528	  1.422467
  0.028386	  1.615318
  0.028669	  1.802915
  0.028810	  1.990991
  0.028951	  2.185342
  0.032482	  2.385082
  0.035730	  2.568586
  0.037990	  2.775899
  0.040391	  2.987304
  0.042933	  3.161941
  0.045475	  3.395244
  0.047876	  3.587890
  0.050418	  3.804275
  0.052960	  4.005243
  0.055572	  4.207098
  0.058326	  4.412023
  0.061080	  4.638436
  0.063552	  4.852025
  0.066588	  5.086692
  0.069059	  5.308808
  0.071955	  5.544157
  0.074497	  5.743557
  0.077604	  5.993846
  0.080569	  6.184172
  0.083394	  6.447491
  0.085371	  6.538220
  0.083818	  6.380092
  0.081911	  6.245909
  0.080428	  6.121139
  0.078592	  6.004215
  0.076897	  5.870850
  0.075203	  5.739122
  0.073932	  5.599959
  0.072237	  5.483853
  0.070542	  5.344076
  0.068777	  5.216032
  0.067718	  5.095083
  0.065599	  4.973179
  0.064258	  4.837017
  0.062634	  4.697171
  0.060939	  4.585772
  0.059315	  4.438082
  0.057973	  4.330913
  0.056349	  4.210304
  0.054937	  4.085057
  0.053171	  3.957696
  0.051618	  3.843773
  0.050135	  3.699766
  0.048864	  3.577043
  0.047169	  3.468714
  0.045616	  3.341216
  0.044204	  3.228657
  0.042791	  3.110437
  0.041520	  2.980346
  0.040108	  2.866150
  0.038272	  2.752773
  0.037072	  2.641443
  0.035306	  2.505554
  0.033471	  2.405274
  0.029940	  2.278117
  0.029657	  2.183091
  0.029516	  2.046861
  0.029234	  1.947604
  0.029093	  1.826791
  0.029304	  1.726171
  0.029093	  1.596967
  0.028951	  1.501395
  0.029093	  1.391565
  0.028810	  1.283372
  0.028810	  1.169381
  0.028810	  1.057846
  0.028810	  0.948493
  0.028881	  0.844053
  0.028528	  0.747594
  0.028528	  0.641447
  0.028457	  0.541646
  0.028528	  0.438433
  0.028386	  0.336039
  0.027963	  0.246264
  0.027821	  0.135957
  0.000918	  0.038202
  0.001200	 -0.061669
  0.001130	 -0.166450
  0.000989	 -0.254996
  0.001130	 -0.379220
  0.001059	 -0.467562
  0.001059	 -0.592399
  0.000847	 -0.685448
  0.001200	 -0.787774
  0.000847	 -0.895011
  0.001059	 -1.016370
  0.001059	 -1.122993
 -0.026904	 -1.226820
 -0.026904	 -1.323825
 -0.026974	 -1.445184
 -0.026974	 -1.568111
 -0.027115	 -1.667777
 -0.027186	 -1.789886
 -0.027186	 -1.905173
 -0.027257	 -2.018209
 -0.027398	 -2.134724
 -0.027468	 -2.245987
 -0.030999	 -2.366459
 -0.032976	 -2.473014
 -0.034530	 -2.607266
 -0.036083	 -2.707955
 -0.037354	 -2.851552
 -0.039049	 -2.955310
 -0.040320	 -3.089494
 -0.041874	 -3.206487
 -0.043568	 -3.323548
 -0.045051	 -3.456640
 -0.046816	 -3.584069
 -0.048229	 -3.716957
 -0.049641	 -3.845478
 -0.051336	 -3.963017
 -0.052889	 -4.090992
 -0.054301	 -4.240252
 -0.055925	 -4.363657
 -0.057620	 -4.474510
 -0.059456	 -4.631887
 -0.061010	 -4.751404
 -0.062351	 -4.903051
 -0.064470	 -5.025569
 -0.065952	 -5.166916
 -0.067859	 -5.297211
 -0.069413	 -5.453906
 -0.071460	 -5.580244
 -0.072873	 -5.708493
 -0.074567	 -5.863415
 -0.076403	 -5.988866
 -0.078663	 -6.142014
 -0.080216	 -6.283633
 -0.082194	 -6.398784
 -0.078945	 -6.169369
 -0.076262	 -5.888314
 -0.073438	 -5.676499
 -0.070119	 -5.424300
 -0.067082	 -5.204026
 -0.063975	 -4.947665
 -0.061292	 -4.746356
 -0.058397	 -4.475670
 -0.055643	 -4.278931
 -0.052748	 -4.046787
 -0.050488	 -3.820033
 -0.047523	 -3.614972
 -0.045122	 -3.386785
 -0.042721	 -3.172242
 -0.039826	 -2.992011
 -0.037496	 -2.748817
 -0.034530	 -2.579911
 -0.031988	 -2.348040
 -0.028033	 -2.179816
 -0.028033	 -1.967933
 -0.027751	 -1.780676
 -0.027751	 -1.562313
 -0.027610	 -1.383106
 -0.027468	 -1.199806
 -0.027327	 -1.026057
 -0.027186	 -0.828568
 -0.027186	 -0.640629
 -0.026904	 -0.455555
 -0.026904	 -0.276348
 -0.025774	 -0.109079
  0.000424	  0.051436
  0.000494	  0.237806
  0.000424	  0.426358
  0.000424	  0.600244
  0.000565	  0.780815
  0.000353	  0.956407
  0.000424	  1.134386
  0.028245	  1.285009
  0.028528	  1.491435
  0.028598	  1.653860
  0.028528	  1.846097
  0.028669	  2.046451
  0.029022	  2.221497
  0.033329	  2.408481
  0.036154	  2.608221
  0.038837	  2.808029
  0.040955	  3.031782
  0.043780	  3.208465
  0.046322	  3.422190
  0.048723	  3.624181
  0.050841	  3.847934
  0.053383	  4.057566
  0.056279	  4.263582
  0.058891	  4.483447
  0.061504	  4.684210
  0.064470	  4.886270
  0.066870	  5.125644
  0.069695	  5.353217
  0.072449	  5.557119
  0.075062	  5.784828
  0.077886	  6.022224
  0.081134	  6.220941
  0.084241	  6.464136
  0.085230	  6.499473
  0.083535	  6.375863
  0.081699	  6.232129
  0.079863	  6.089282
  0.078592	  5.973176
  0.076686	  5.818186
  0.074920	  5.693622
  0.073508	  5.569603
  0.071601	  5.452746
  0.069695	  5.315766
  0.068353	  5.165279
  0.066729	  5.025842
  0.064964	  4.914921
  0.063410	  4.788037
  0.061786	  4.650170
  0.060233	  4.518783
  0.058467	  4.402950
  0.056914	  4.271359
  0.055714	  4.155730
  0.053948	  4.021820
  0.052536	  3.917516
  0.050982	  3.788312
  0.049711	  3.653515
  0.048158	  3.553099
  0.046746	  3.431467
  0.045475	  3.305538
  0.043639	  3.189296
  0.042227	  3.073872
  0.040955	  2.946033
  0.039543	  2.827949
  0.038131	  2.728761
  0.036577	  2.622751
  0.035165	  2.488295
  0.033612	  2.382763
  0.029799	  2.267339
  0.029516	  2.163648
  0.029375	  2.032057
  0.029093	  1.926934
  0.029304	  1.815467
  0.029234	  1.700044
  0.029093	  1.581277
  0.028810	  1.485227
  0.029093	  1.374988
  0.029093	  1.262020
  0.029022	  1.157102
  0.028669	  1.056140
  0.028669	  0.937101
  0.028528	  0.830273
  0.028528	  0.733609
  0.028386	  0.621391
  0.028386	  0.513608
  0.028245	  0.423971
  0.028104	  0.305614
  0.028104	  0.211133
  0.027115	  0.097210
  0.000918	  0.002456
  0.001059	 -0.103145
  0.001130	 -0.196261
  0.000918	 -0.317825
  0.001059	 -0.407053
  0.000989	 -0.518042
  0.000847	 -0.628213
  0.001059	 -0.729925
  0.000989	 -0.842279
  0.001200	 -0.947948
  0.001059	 -1.062962
 -0.026762	 -1.163378
 -0.026762	 -1.279689
 -0.026904	 -1.391974
 -0.026762	 -1.500644
 -0.027186	 -1.604062
 -0.027045	 -1.723169
 -0.027186	 -1.833136
 -0.027186	 -1.943375
 -0.027186	 -2.050408
 -0.027468	 -2.155326
 -0.027751	 -2.284052
 -0.031705	 -2.404456
 -0.033118	 -2.518174
 -0.034953	 -2.632847
 -0.036013	 -2.748544
 -0.038060	 -2.865264
 -0.039120	 -2.979391
 -0.040885	 -3.103274
 -0.042297	 -3.229476
 -0.043709	 -3.349265
 -0.045333	 -3.473353
 -0.046675	 -3.594302
 -0.048370	 -3.736262
 -0.049923	 -3.858712
 -0.051477	 -3.996102
 -0.053242	 -4.112140
 -0.054443	 -4.251439
 -0.056137	 -4.395446
 -0.057832	 -4.532563
 -0.059668	 -4.663063
 -0.061292	 -4.780806
 -0.063128	 -4.940025
 -0.064682	 -5.060701
 -0.066729	 -5.204708
 -0.068212	 -5.337527
 -0.070048	 -5.468914
 -0.071743	 -5.606508
 -0.073438	 -5.768388
 -0.075062	 -5.909802
 -0.077392	 -6.047669
 -0.079228	 -6.187515
 -0.080781	 -6.357376
 -0.081205	 -6.271081
 -0.077533	 -6.012606
 -0.075062	 -5.784624
 -0.071672	 -5.533925
 -0.068706	 -5.334321
 -0.065811	 -5.063021
 -0.063199	 -4.840700
 -0.059950	 -4.622746
 -0.057408	 -4.413592
 -0.054443	 -4.170807
 -0.051901	 -3.967860
 -0.049358	 -3.724734
 -0.046393	 -3.532293
 -0.044133	 -3.338351
 -0.041732	 -3.108185
 -0.039049	 -2.927273
 -0.036648	 -2.703998
 -0.033824	 -2.526428
 -0.030858	 -2.304244
 -0.028033	 -2.115419
 -0.027892	 -1.923387
 -0.027751	 -1.726717
 -0.027751	 -1.522338
 -0.027610	 -1.342380
 -0.027610	 -1.164674
 -0.027327	 -0.986559
 -0.027045	 -0.792208
 -0.027186	 -0.626781
 -0.026833	 -0.417558
 -0.026762	 -0.247902
 -0.019560	 -0.069445
  0.000424	  0.098642
  0.000353	  0.273892
  0.000353	  0.433521
  0.000565	  0.638173
  0.000494	  0.792958
  0.000424	  0.981170
  0.023161	  1.151577
  0.028316	  1.355478
  0.028457	  1.514152
  0.028740	  1.708298
  0.028528	  1.891803
  0.028810	  2.109007
  0.029093	  2.272933
  0.034177	  2.497163
  0.036577	  2.682850
  0.039261	  2.890368
  0.041803	  3.062616
  0.044204	  3.269656
  0.046463	  3.487405
  0.049570	  3.686668
  0.051477	  3.904350
  0.054301	  4.118074
  0.056985	  4.297691
  0.059456	  4.547093
  0.062281	  4.759044
  0.065317	  4.969768
  0.067859	  5.177353
  0.070684	  5.438284
  0.073579	  5.629497
  0.075768	  5.859322
  0.078875	  6.077208
  0.081699	  6.276266
  0.084665	  6.511957
  0.084524	  6.469525
  0.082900	  6.322381
  0.081417	  6.193041
  0.079581	  6.054764
  0.077957	  5.941796
  0.075909	  5.790968
  0.074708	  5.661764
  0.072943	  5.537131
  0.071531	  5.420002
  0.069695	  5.287933
  0.068141	  5.163573
  0.066447	  5.026115
  0.065105	  4.895684
  0.063410	  4.768663
  0.061645	  4.650238
  0.060021	  4.502888
  0.058256	  4.396265
  0.057055	  4.256692
  0.055855	  4.128921
  0.053878	  4.015817
  0.052748	  3.881633
  0.050841	  3.777329
  0.049500	  3.644169
  0.047876	  3.517216
  0.046322	  3.409228
  0.044980	  3.274363
  0.043639	  3.155119
  0.042015	  3.041196
  0.040673	  2.920315
  0.038978	  2.796364
  0.037919	  2.695812
  0.036013	  2.573498
  0.034600	  2.449070
  0.032623	  2.335965
  0.029657	  2.224908
  0.029516	  2.103344
  0.029375	  2.007908
  0.029375	  1.876999
  0.029093	  1.774605
  0.029234	  1.665253
  0.029093	  1.552490
  0.028951	  1.433860
  0.028951	  1.333034
  0.028951	  1.217338
  0.028669	  1.125586
  0.028810	  1.022850
  0.028669	  0.907290
  0.028528	  0.808307
  0.028669	  0.703798
  0.028316	  0.613615
  0.028386	  0.506104
  0.028386	  0.397229
  0.028104	  0.293744
  0.028104	  0.200150
  0.025562	  0.085067
  0.000989	  0.001774
  0.001059	 -0.115697
  0.000918	 -0.213043
  0.000989	 -0.326010
  0.000989	 -0.424585
  0.000989	 -0.534960
  0.000989	 -0.627395
  0.000918	 -0.751345
  0.001059	 -0.849374
  0.001059	 -0.965070
 -0.025703	 -1.054776
 -0.026904	 -1.165834
 -0.026904	 -1.288489
 -0.027045	 -1.390337
 -0.027045	 -1.496415
 -0.027186	 -1.620775
 -0.026833	 -1.719622
 -0.027257	 -1.847802
 -0.027257	 -1.953812
 -0.027398	 -2.082606
 -0.027468	 -2.175177
 -0.028316	 -2.316933
 -0.031846	 -2.417485
 -0.033682	 -2.550918
 -0.035095	 -2.645399
 -0.036366	 -2.790634
 -0.038202	 -2.903806
 -0.039755	 -3.032396
 -0.041309	 -3.142976
 -0.042721	 -3.268496
 -0.044557	 -3.396199
 -0.045757	 -3.540274
 -0.047381	 -3.655425
 -0.048793	 -3.785924
 -0.050488	 -3.913423
 -0.052042	 -4.023184
 -0.053595	 -4.169374
 -0.055149	 -4.292438
 -0.056843	 -4.404655
 -0.058044	 -4.543819
 -0.059809	 -4.691100
 -0.061786	 -4.810276
 -0.063269	 -4.955306
 -0.064823	 -5.082463
 -0.067082	 -5.222104
 -0.068353	 -5.359766
 -0.070331	 -5.506229
 -0.071813	 -5.650235
 -0.073579	 -5.795129
 -0.075697	 -5.931427
 -0.077392	 -6.074138
 -0.079228	 -6.216780
 -0.081134	 -6.375658
 -0.080781	 -6.246659
 -0.077533	 -5.989685
 -0.074073	 -5.774868
 -0.071319	 -5.504455
 -0.068636	 -5.280770
 -0.065176	 -5.054289
 -0.062634	 -4.828217
 -0.059597	 -4.560600
 -0.056702	 -4.373617
 -0.054019	 -4.122713
 -0.051477	 -3.913491
 -0.048229	 -3.694445
 -0.046252	 -3.475945
 -0.043568	 -3.272998
 -0.040744	 -3.073872
 -0.038625	 -2.840364
 -0.035801	 -2.660884
 -0.032976	 -2.434812
 -0.028457	 -2.241757
 -0.028033	 -2.052864
 -0.028033	 -1.869768
 -0.027680	 -1.656794
 -0.027610	 -1.467354
 -0.027468	 -1.287397
 -0.027398	 -1.115899
 -0.027186	 -0.918000
 -0.027115	 -0.751618
 -0.027045	 -0.554675
 -0.026904	 -0.389998
 -0.026621	 -0.179480
  0.000565	 -0.030698
  0.000565	  0.131114
  0.000424	  0.312231
  0.000494	  0.475611
  0.000494	  0.658297
  0.000494	  0.839482
  0.000424	  1.008047
  0.028245	  1.191484
  0.028245	  1.355069
  0.028598	  1.541370
  0.028528	  1.728831
  0.028669	  1.916702
  0.029022	  2.116647
  0.028951	  2.279754
  0.034600	  2.507532
  0.037142	  2.676984
  0.039684	  2.884978
  0.041803	  3.095156
  0.044769	  3.290871
  0.046887	  3.503846
  0.049429	  3.729577
  0.051971	  3.916561
  0.054796	  4.122509
  0.057196	  4.339372
  0.059738	  4.561282
  0.062069	  4.762728
  0.065176	  5.007014
  0.068283	  5.192156
  0.070966	  5.420138
  0.073649	  5.635091
  0.076615	  5.872556
  0.079157	  6.107155
  0.082264	  6.336229
  0.084806	  6.561278
  0.084382	  6.430300
  0.082546	  6.319652
  0.080993	  6.174417
  0.079298	  6.031229
  0.077533	  5.892066
  0.075768	  5.778143
  0.074073	  5.629565
  0.072378	  5.509230
  0.070895	  5.358333
  0.069130	  5.236429
  0.067577	  5.093718
  0.066023	  4.971746
  0.064187	  4.849978
  0.062634	  4.722821
  0.061221	  4.605146
  0.059527	  4.464209
  0.058256	  4.341623
  0.056420	  4.228723
  0.054796	  4.108251
  0.053595	  3.963972
  0.051830	  3.856734
  0.050276	  3.733465
  0.049005	  3.603784
  0.047734	  3.491226
  0.046040	  3.380168
  0.044769	  3.247553
  0.043215	  3.130424
  0.041803	  3.010839
  0.040391	  2.904216
  0.038837	  2.790088
  0.037284	  2.671663
  0.035730	  2.555898
  0.034177	  2.433039
  0.032341	  2.327097
  0.029799	  2.207853
  0.029657	  2.089223
  0.029234	  1.990991
  0.029375	  1.876249
  0.029304	  1.770376
  0.029093	  1.655634
  0.029093	  1.549829
  0.028951	  1.422740
  0.028951	  1.319118
  0.028810	  1.205741
  0.028951	  1.112897
  0.028669	  0.989901
  0.028810	  0.888940
  0.028598	  0.776859
  0.028528	  0.674942
  0.028386	  0.575618
  0.028386	  0.465106
  0.028386	  0.355617
  0.028104	  0.260931
  0.027680	  0.159015
  0.000918	  0.064534
  0.000989	 -0.057575
  0.000989	 -0.152397
  0.001059	 -0.264888
  0.001130	 -0.362916
  0.001059	 -0.472541
  0.000989	 -0.569001
  0.001059	 -0.676647
  0.000989	 -0.790434
  0.000989	 -0.882186
  0.001200	 -1.006956
  0.000989	 -1.096320
 -0.026762	 -1.207651
 -0.026904	 -1.315707
 -0.026904	 -1.429426
 -0.026904	 -1.521110
 -0.027045	 -1.629643
 -0.026904	 -1.750797
 -0.027327	 -1.865743
 -0.027186	 -1.980553
 -0.027468	 -2.097614
 -0.027610	 -2.194278
 -0.030434	 -2.315296
 -0.032129	 -2.436654
 -0.033753	 -2.558354
 -0.035377	 -2.670913
 -0.036931	 -2.800662
 -0.038484	 -2.905785
 -0.040037	 -3.030281
 -0.041167	 -3.161259
 -0.043003	 -3.278865
 -0.044133	 -3.410661
 -0.045687	 -3.535158
 -0.047452	 -3.648876
 -0.049076	 -3.800182
 -0.050700	 -3.906942
 -0.052395	 -4.050403
 -0.054019	 -4.176946
 -0.055643	 -4.315973
 -0.057267	 -4.437127
 -0.058891	 -4.580179
 -0.060162	 -4.717637
 -0.062281	 -4.863076
 -0.063693	 -4.973861
 -0.065599	 -5.127554
 -0.067506	 -5.253825
 -0.068636	 -5.401788
 -0.071037	 -5.552753
 -0.072731	 -5.684208
 -0.074144	 -5.808909
 -0.076262	 -5.976996
 -0.077957	 -6.122640
 -0.079934	 -6.277698
 -0.082052	 -6.396601
 -0.078733	 -6.140786
 -0.076121	 -5.881219
 -0.072661	 -5.653715
 -0.070331	 -5.400151
 -0.067365	 -5.185880
 -0.064328	 -4.952304
 -0.061645	 -4.748130
 -0.058609	 -4.482969
 -0.055925	 -4.275247
 -0.052889	 -4.063569
 -0.050418	 -3.856529
 -0.047664	 -3.642804
 -0.045404	 -3.430308
 -0.042580	 -3.219516
 -0.040320	 -3.000266
 -0.037637	 -2.809939
 -0.035095	 -2.618658
 -0.032341	 -2.392995
 -0.028316	 -2.196666
 -0.028033	 -2.011115
 -0.027821	 -1.804007
 -0.027680	 -1.617910
 -0.027610	 -1.424650
 -0.027257	 -1.247354
 -0.027257	 -1.053889
 -0.027186	 -0.862949
 -0.027186	 -0.693975
 -0.027045	 -0.513745
 -0.026762	 -0.341496
 -0.026339	 -0.158196
  0.000635	  0.006003
  0.000282	  0.204584
  0.000494	  0.374718
  0.000424	  0.550173
  0.000353	  0.713689
  0.000282	  0.924140
  0.000353	  1.080631
  0.028245	  1.258814
  0.028457	  1.440340
  0.028528	  1.654679
  0.028669	  1.834364
  0.028810	  2.033354
  0.029093	  2.197825
  0.033047	  2.412505
  0.036013	  2.585504
  0.038272	  2.798479
  0.040814	  2.984166
  0.043356	  3.205804
  0.045616	  3.410934
  0.048229	  3.613608
  0.050700	  3.817168
  0.053242	  4.037032
  0.055643	  4.239706
  0.058821	  4.426212
  0.061221	  4.652284
  0.063622	  4.870239
  0.066800	  5.078165
  0.069130	  5.281180
  0.071884	  5.529218
  0.074355	  5.744785
  0.077604	  5.989821
  0.080640	  6.179875
  0.083394	  6.454313
  0.085653	  6.537879
  0.083959	  6.420409
  0.082335	  6.284588
  0.080640	  6.131099
  0.078875	  6.004556
  0.077039	  5.866348
  0.075556	  5.742738
  0.073932	  5.596344
  0.072237	  5.470415
  0.070260	  5.338823
  0.068989	  5.208733
  0.067294	  5.076118
  0.065670	  4.952168
  0.063975	  4.817711
  0.062492	  4.687825
  0.060657	  4.552414
  0.059456	  4.425939
  0.057479	  4.309424
  0.056208	  4.179743
  0.054513	  4.064592
  0.053101	  3.942620
  0.051336	  3.805980
  0.050135	  3.686532
  0.048370	  3.558693
  0.047169	  3.436720
  0.045263	  3.319318
  0.044062	  3.202257
  0.042368	  3.085947
  0.041097	  2.971546
  0.039826	  2.839750
  0.038131	  2.737629
  0.036719	  2.615111
  0.035024	  2.499073
  0.033188	  2.384195
  0.029516	  2.272933
  0.029657	  2.148231
  0.029446	  2.048225
  0.029516	  1.920522
  0.029022	  1.824472
  0.029234	  1.709662
  0.029163	  1.611361
  0.028951	  1.501736
  0.029093	  1.387608
  0.028951	  1.277233
  0.028810	  1.163310
  0.028669	  1.067737
  0.028669	  0.966230
  0.028669	  0.850192
  0.028528	  0.755984
  0.028528	  0.657683
  0.028528	  0.541168
  0.028316	  0.452554
  0.028386	  0.342246
  0.028104	  0.235623
  0.027680	  0.133979
  0.000989	  0.039634
  0.000989	 -0.080496
  0.000847	 -0.172180
  0.000847	 -0.288150
  0.001200	 -0.388634
  0.001130	 -0.499555
  0.000989	 -0.593354
  0.001130	 -0.715054
  0.001059	 -0.819972
  0.000989	 -0.917250
  0.001130	 -1.035334
  0.001059	 -1.147893
 -0.026762	 -1.233437
 -0.026762	 -1.350976
 -0.026762	 -1.459646
 -0.027186	 -1.582505
 -0.027045	 -1.692062
 -0.027327	 -1.812534
 -0.027045	 -1.922705
 -0.027398	 -2.032262
 -0.027468	 -2.148777
 -0.027610	 -2.266247
 -0.031281	 -2.361820
 -0.033118	 -2.497299
 -0.034671	 -2.618180
 -0.036224	 -2.733741
 -0.037778	 -2.861648
 -0.039190	 -2.988532
 -0.040744	 -3.098703
 -0.042227	 -3.236093
 -0.043498	 -3.347014
 -0.045263	 -3.464075
 -0.046958	 -3.590686
 -0.048229	 -3.717571
 -0.049641	 -3.833540
 -0.051194	 -3.952716
 -0.052607	 -4.104704
 -0.054443	 -4.233021
 -0.055855	 -4.358950
 -0.057338	 -4.490609
 -0.059174	 -4.619199
 -0.060868	 -4.736874
 -0.062775	 -4.886543
 -0.064046	 -5.019839
 -0.065882	 -5.161799
 -0.067577	 -5.277291
 -0.069624	 -5.435351
 -0.071178	 -5.572468
 -0.073438	 -5.724660
 -0.074991	 -5.872215
 -0.076686	 -6.030001
 -0.078663	 -6.166163
 -0.080357	 -6.306077
 -0.081770	 -6.371020
 -0.078733	 -6.105791
 -0.075909	 -5.847179
 -0.072520	 -5.616059
 -0.069766	 -5.396126
 -0.066306	 -5.146178
 -0.063693	 -4.928769
 -0.061010	 -4.663472
 -0.058185	 -4.444767
 -0.055360	 -4.209417
 -0.052607	 -4.015612
 -0.049500	 -3.786538
 -0.047099	 -3.586048
 -0.044204	 -3.363932
 -0.042015	 -3.137792
 -0.039190	 -2.947738
 -0.036719	 -2.723849
 -0.034247	 -2.529225
 -0.031564	 -2.329212
 -0.028175	 -2.142228
 -0.027892	 -1.929322
 -0.027610	 -1.733197
 -0.027751	 -1.549352
 -0.027468	 -1.349202
 -0.027468	 -1.165015
 -0.027327	 -0.973939
 -0.027327	 -0.817994
 -0.027045	 -0.609385
 -0.027045	 -0.453782
 -0.026551	 -0.282283
 -0.023514	 -0.104373
  0.000282	  0.060986
  0.000282	  0.262841
  0.000424	  0.433385
  0.000494	  0.610272
  0.000424	  0.780815
  0.000282	  0.966298
  0.027257	  1.119924
  0.028104	  1.298448
  0.028457	  1.492185
  0.028669	  1.683126
  0.028669	  1.842754
  0.028810	  2.041335
  0.029093	  2.235209
  0.033753	  2.430174
  0.036083	  2.637827
  0.038696	  2.840978
  0.040955	  3.037785
  0.043921	  3.231045
  0.046181	  3.422121
  0.048864	  3.640963
  0.051053	  3.855643
  0.053948	  4.076598
  0.056279	  4.260444
  0.058891	  4.501183
  0.061786	  4.681072
  0.064611	  4.917104
  0.067435	  5.125849
  0.069766	  5.376002
  0.072802	  5.569330
  0.075344	  5.807203
  0.078592	  6.020860
  0.081487	  6.253004
  0.083959	  6.493606
  0.085300	  6.499814
  0.083394	  6.363993
  0.081770	  6.227558
  0.080146	  6.093307
  0.078451	  5.960897
  0.076615	  5.838379
  0.074920	  5.685026
  0.073367	  5.563054
  0.071813	  5.442104
  0.070119	  5.300281
  0.068565	  5.179945
  0.066659	  5.064317
  0.065317	  4.931771
  0.063764	  4.801066
  0.062139	  4.688917
  0.060657	  4.544365
  0.059174	  4.414001
  0.057479	  4.293666
  0.055996	  4.167600
  0.054301	  4.055997
  0.052960	  3.942279
  0.051336	  3.812461
  0.049994	  3.684758
  0.048087	  3.563536
  0.046958	  3.440949
  0.045404	  3.330369
  0.044062	  3.204372
  0.042438	  3.086833
  0.041097	  2.970796
  0.039826	  2.834907
  0.038131	  2.738857
  0.036719	  2.608903
  0.035165	  2.488158
  0.033471	  2.367550
  0.029869	  2.258812
  0.029657	  2.150551
  0.029516	  2.028715
  0.029234	  1.914655
  0.029375	  1.819287
  0.029093	  1.694041
  0.029163	  1.596763
  0.028951	  1.479497
  0.028951	  1.376080
  0.028810	  1.254585
  0.028951	  1.160513
  0.028951	  1.036971
  0.028669	  0.933281
  0.028810	  0.825498
  0.028669	  0.730812
  0.028386	  0.617435
  0.028386	  0.520703
  0.028386	  0.398184
  0.027963	  0.303635
  0.028104	  0.191008
  0.026692	  0.094890
  0.000918	 -0.002115
  0.000847	 -0.101848
  0.000989	 -0.201036
  0.001130	 -0.320144
  0.001130	 -0.408212
  0.000989	 -0.513813
  0.001059	 -0.628009
  0.001130	 -0.728356
  0.000989	 -0.841051
  0.001059	 -0.949312
  0.001059	 -1.059142
 -0.008897	 -1.162218
 -0.026762	 -1.257927
 -0.027045	 -1.376148
 -0.026904	 -1.480998
 -0.026904	 -1.597922
 -0.026904	 -1.691721
 -0.027257	 -1.815740
 -0.027186	 -1.933006
 -0.027186	 -2.042767
 -0.027610	 -2.164467
 -0.027680	 -2.280232
 -0.031705	 -2.400021
 -0.033400	 -2.514286
 -0.034812	 -2.639464
 -0.036577	 -2.754956
 -0.037919	 -2.883136
 -0.039543	 -2.995286
 -0.040814	 -3.118077
 -0.042438	 -3.253557
 -0.043992	 -3.364000
 -0.045828	 -3.497092
 -0.046958	 -3.630048
 -0.048652	 -3.752020
 -0.050065	 -3.890160
 -0.051901	 -4.018614
 -0.053242	 -4.144952
 -0.055149	 -4.279613
 -0.056349	 -4.408476
 -0.058397	 -4.543000
 -0.060092	 -4.664563
 -0.061574	 -4.823442
 -0.063340	 -4.937978
 -0.065246	 -5.086010
 -0.066800	 -5.215145
 -0.068565	 -5.354923
 -0.070331	 -5.506706
 -0.072025	 -5.645597
 -0.073861	 -5.780189
 -0.075697	 -5.926515
 -0.077392	 -6.085394
 -0.079369	 -6.230424
 -0.081064	 -6.377568
 -0.080781	 -6.299118
 -0.077674	 -6.046169
 -0.074779	 -5.810887
 -0.071884	 -5.550843
 -0.068848	 -5.347487
 -0.066235	 -5.088739
 -0.063410	 -4.865463
 -0.060657	 -4.637822
 -0.057691	 -4.442789
 -0.054725	 -4.212555
 -0.052465	 -3.985051
 -0.049500	 -3.749565
 -0.047099	 -3.560875
 -0.044274	 -3.332006
 -0.041874	 -3.143931
 -0.039331	 -2.904625
 -0.036789	 -2.708500
 -0.033824	 -2.508010
 -0.031140	 -2.306700
 -0.028033	 -2.095636
 -0.027680	 -1.909539
 -0.027610	 -1.703250
 -0.027751	 -1.538437
 -0.027468	 -1.333717
 -0.027468	 -1.148643
 -0.027327	 -0.952041
 -0.027045	 -0.792617
 -0.027045	 -0.587556
 -0.026762	 -0.429087
 -0.026762	 -0.236987
 -0.001412	 -0.077017
  0.000282	  0.105464
  0.000494	  0.294017
  0.000424	  0.479841
  0.000494	  0.647451
  0.000565	  0.839892
  0.000494	  1.009616
  0.028245	  1.195986
  0.028316	  1.375056
  0.028528	  1.549147
  0.028386	  1.751070
  0.028669	  1.949787
  0.028810	  2.110644
  0.029375	  2.319866
  0.034459	  2.508146
  0.036931	  2.703316
  0.039684	  2.878293
  0.041874	  3.090449
  0.044204	  3.295237
  0.046746	  3.472943
  0.049147	  3.700789
  0.051971	  3.876585
  0.054019	  4.108115
  0.056561	  4.307787
  0.059456	  4.537543
  0.062139	  4.741649
  0.064752	  4.971064
  0.067365	  5.178854
  0.070260	  5.396194
  0.072802	  5.620015
  0.076191	  5.836605
  0.079016	  6.049852
  0.081840	  6.293115
  0.084524	  6.501246
  0.084947	  6.484942
  0.083535	  6.361196
  0.081276	  6.217599
  0.079934	  6.081096
  0.077745	  5.954485
  0.076333	  5.805157
  0.074497	  5.668791
  0.073084	  5.539246
  0.071460	  5.400969
  0.069695	  5.268901
  0.067859	  5.137855
  0.066376	  5.020658
  0.064752	  4.870102
  0.063199	  4.749494
  0.061363	  4.620222
  0.059809	  4.503298
  0.058256	  4.357517
  0.056914	  4.234044
  0.055219	  4.099724
  0.053736	  3.996921
  0.052324	  3.858576
  0.050841	  3.751543
  0.049288	  3.616336
  0.047734	  3.507188
  0.046322	  3.389991
  0.044769	  3.276000
  0.043498	  3.151708
  0.042227	  3.029599
  0.040602	  2.922634
  0.039261	  2.805437
  0.037778	  2.700314
  0.036224	  2.572952
  0.034883	  2.455755
  0.033047	  2.345721
  0.029657	  2.247965
  0.029375	  2.126470
  0.029516	  2.022643
  0.029234	  1.895077
  0.029234	  1.797594
  0.029093	  1.681011
  0.029093	  1.572887
  0.029093	  1.450027
  0.028810	  1.347565
  0.028810	  1.240736
  0.028951	  1.126950
  0.028881	  1.011390
  0.028528	  0.914385
  0.028669	  0.811308
  0.028528	  0.707686
  0.028528	  0.599971
  0.028528	  0.493825
  0.028316	  0.389180
  0.028104	  0.288969
  0.028175	  0.177706
  0.019348	  0.072447
  0.000989	 -0.019374
  0.001059	 -0.136639
  0.000918	 -0.238351
  0.000989	 -0.332423
  0.000918	 -0.442389
  0.001059	 -0.540349
  0.000847	 -0.655227
  0.001130	 -0.758167
  0.000847	 -0.878093
  0.001059	 -0.966162
 -0.026762	 -1.082404
 -0.026904	 -1.194485
 -0.026692	 -1.308681
 -0.027045	 -1.414895
 -0.027045	 -1.531751
 -0.027045	 -1.629712
 -0.027045	 -1.761030
 -0.027327	 -1.868745
 -0.027186	 -1.988466
 -0.027468	 -2.090247
 -0.027610	 -2.193528
 -0.029869	 -2.324573
 -0.032129	 -2.431947
 -0.033541	 -2.554056
 -0.035306	 -2.671663
 -0.036789	 -2.779242
 -0.038343	 -2.892278
 -0.039614	 -3.025643
 -0.041167	 -3.131584
 -0.042580	 -3.254853
 -0.044133	 -3.378940
 -0.045898	 -3.511896
 -0.047099	 -3.641645
 -0.048864	 -3.768734
 -0.050347	 -3.904759
 -0.052183	 -4.029187
 -0.053595	 -4.163712
 -0.055149	 -4.292233
 -0.056914	 -4.424575
 -0.058326	 -4.569946
 -0.060162	 -4.692874
 -0.061998	 -4.827057
 -0.063622	 -4.958989
 -0.065388	 -5.102519
 -0.066800	 -5.253415
 -0.068989	 -5.387531
 -0.070472	 -5.535357
 -0.072308	 -5.679159
 -0.074285	 -5.799700
 -0.075980	 -5.972494
 -0.077674	 -6.102311
 -0.079863	 -6.250070
 -0.081911	 -6.393872
 -0.079934	 -6.162138
 -0.076403	 -5.952643
 -0.073508	 -5.674453
 -0.070260	 -5.466322
 -0.067506	 -5.193043
 -0.064470	 -4.996782
 -0.061857	 -4.750313
 -0.058891	 -4.540408
 -0.055925	 -4.303830
 -0.053666	 -4.065274
 -0.050630	 -3.860622
 -0.048229	 -3.630048
 -0.045122	 -3.404521
 -0.042721	 -3.224359
 -0.039967	 -3.001698
 -0.037778	 -2.785245
 -0.035236	 -2.610949
 -0.032199	 -2.410322
 -0.028175	 -2.223270
 -0.027892	 -2.026122
 -0.027892	 -1.841117
 -0.027751	 -1.624459
 -0.027751	 -1.459237
 -0.027610	 -1.251924
 -0.027257	 -1.094274
 -0.027186	 -0.902720
 -0.027186	 -0.708641
 -0.026904	 -0.539326
 -0.026904	 -0.353093
 -0.026762	 -0.182140
  0.000424	 -0.016986
  0.000565	  0.181867
  0.000282	  0.351046
  0.000565	  0.518452
  0.000424	  0.702707
  0.000565	  0.894397
  0.000353	  1.051843
  0.028245	  1.234188
  0.028245	  1.432018
  0.028457	  1.621457
  0.028528	  1.784770
  0.028669	  2.000268
  0.028951	  2.184182
  0.033047	  2.374508
  0.035448	  2.562311
  0.038131	  2.785790
  0.040391	  2.950944
  0.043356	  3.172037
  0.045263	  3.379076
  0.047734	  3.599418
  0.050418	  3.794997
  0.052960	  3.988598
  0.055643	  4.194273
  0.058185	  4.435558
  0.060727	  4.642256
  0.063481	  4.872831
  0.066023	  5.061179
  0.068989	  5.308262
  0.071955	  5.508685
  0.074497	  5.738918
  0.077604	  5.951551
  0.080499	  6.187856
  0.083253	  6.418089
  0.085653	  6.532831
  0.083959	  6.418976
  0.082476	  6.267125
  0.080146	  6.129394
  0.078733	  6.010355
  0.077462	  5.858435
  0.075556	  5.742329
  0.074002	  5.594502
  0.072025	  5.467822
  0.070401	  5.329887
  0.068636	  5.211666
  0.067153	  5.087033
  0.065882	  4.949302
  0.063905	  4.836471
  0.062704	  4.700241
  0.061080	  4.582089
  0.059386	  4.464482
  0.057832	  4.329753
  0.056420	  4.210100
  0.054654	  4.082124
  0.053313	  3.968201
  0.051759	  3.829652
  0.050206	  3.720299
  0.048723	  3.580931
  0.047311	  3.473148
  0.045828	  3.343194
  0.044062	  3.230499
  0.042862	  3.115826
  0.041238	  2.992216
  0.039826	  2.874541
  0.038555	  2.753728
  0.037001	  2.633802
  0.035377	  2.533864
  0.033753	  2.393950
  0.030364	  2.285826
  0.029516	  2.173813
  0.029587	  2.062278
  0.029375	  1.957018
  0.029234	  1.840299
  0.029234	  1.732310
  0.029234	  1.616478
  0.028951	  1.506170
  0.029093	  1.397841
  0.028740	  1.280166
  0.028951	  1.190392
  0.028669	  1.070875
  0.028669	  0.961250
  0.028810	  0.848009
  0.028528	  0.748344
  0.028528	  0.645881
  0.028386	  0.538644
  0.028316	  0.437205
  0.028316	  0.329694
  0.028104	  0.241012
  0.027539	  0.133706
  0.000918	  0.032335
  0.001130	 -0.069309
  0.000989	 -0.196875
  0.001059	 -0.280578
  0.000847	 -0.387406
  0.001059	 -0.498805
  0.001200	 -0.602222
  0.000989	 -0.700660
  0.000989	 -0.804760
  0.001130	 -0.915135
  0.001130	 -1.026125
  0.001059	 -1.137046
 -0.026692	 -1.238554
 -0.026762	 -1.355342
 -0.026904	 -1.448322
 -0.026833	 -1.573432
 -0.026904	 -1.679101
 -0.027186	 -1.804621
 -0.027115	 -1.909403
 -0.027186	 -2.039357
 -0.027468	 -2.139022
 -0.027751	 -2.269249
 -0.031281	 -2.366868
 -0.033118	 -2.490614
 -0.034671	 -2.606720
 -0.036295	 -2.739539
 -0.037637	 -2.857692
 -0.039331	 -2.971478
 -0.040320	 -3.104638
 -0.042156	 -3.233978
 -0.043568	 -3.355610
 -0.045122	 -3.489793
 -0.046816	 -3.600100
 -0.048511	 -3.736399
 -0.050135	 -3.855711
 -0.051618	 -3.991804
 -0.053030	 -4.128171
 -0.054866	 -4.266515
 -0.056208	 -4.391080
 -0.057903	 -4.529834
 -0.059809	 -4.668111
 -0.061504	 -4.792675
 -0.063269	 -4.937637
 -0.064752	 -5.066909
 -0.066376	 -5.198841
 -0.068212	 -5.344485
 -0.070331	 -5.484399
 -0.071601	 -5.621925
 -0.073296	 -5.769343
 -0.075273	 -5.896909
 -0.077109	 -6.044941
 -0.078804	 -6.188265
 -0.080499	 -6.327224
 -0.082123	 -6.387733
 -0.078945	 -6.123800
 -0.076121	 -5.879787
 -0.073014	 -5.628952
 -0.069977	 -5.394762
 -0.066588	 -5.172714
 -0.064187	 -4.930816
 -0.061221	 -4.693760
 -0.058609	 -4.479012
 -0.055290	 -4.264264
 -0.052889	 -4.049311
 -0.050206	 -3.801546
 -0.047805	 -3.593893
 -0.044980	 -3.375256
 -0.042580	 -3.174356
 -0.039755	 -2.947534
 -0.037496	 -2.764029
 -0.034812	 -2.551600
 -0.031846	 -2.344288
 -0.028033	 -2.154507
 -0.028033	 -1.964863
 -0.027892	 -1.757687
 -0.027610	 -1.560198
 -0.027610	 -1.376966
 -0.027468	 -1.193939
 -0.027257	 -0.985194
 -0.027327	 -0.809467
 -0.026974	 -0.626303
 -0.026833	 -0.457670
 -0.026621	 -0.270686
 -0.025774	 -0.086568
  0.000424	  0.098369
  0.000424	  0.251858
  0.000494	  0.431884
  0.000494	  0.623165
  0.000353	  0.810285
  0.000424	  0.968072
  0.004166	  1.165629
  0.028386	  1.322529
  0.028386	  1.537618
  0.028528	  1.703250
  0.028528	  1.887982
  0.028669	  2.093521
  0.029163	  2.262564
  0.034035	  2.479563
  0.036366	  2.668115
  0.039331	  2.846709
  0.041238	  3.056613
  0.044062	  3.246530
  0.046322	  3.437743
  0.049147	  3.655015
  0.051547	  3.869354
