 -0.027539	 -2.087450
 -0.027680	 -2.201236
 -0.027892	 -2.328598
 -0.031917	 -2.437473
 -0.033894	 -2.549213
 -0.035306	 -2.672891
 -0.036719	 -2.808711
 -0.038413	 -2.909059
 -0.039755	 -3.032873
 -0.041238	 -3.149525
 -0.042933	 -3.285550
 -0.044486	 -3.402475
 -0.045898	 -3.533861
 -0.047734	 -3.660473
 -0.048864	 -3.802228
 -0.050418	 -3.923792
 -0.052042	 -4.054974
 -0.053595	 -4.169101
 -0.055502	 -4.306559
 -0.056843	 -4.445654
 -0.058821	 -4.577996
 -0.060303	 -4.716272
 -0.062281	 -4.858164
 -0.063693	 -4.988391
 -0.065599	 -5.134444
 -0.067153	 -5.271220
 -0.068848	 -5.411475
 -0.070825	 -5.531401
 -0.072520	 -5.695668
 -0.074355	 -5.844450
 -0.076050	 -5.979930
 -0.077957	 -6.126802
 -0.079510	 -6.262213
 -0.081629	 -6.417680
 -0.079863	 -6.178033
 -0.076333	 -5.949095
 -0.073790	 -5.713541
 -0.070472	 -5.459500
 -0.067435	 -5.248094
 -0.064964	 -5.008788
 -0.062210	 -4.771119
 -0.059244	 -4.557803
 -0.056702	 -4.328525
 -0.053807	 -4.090719
 -0.050982	 -3.908033
 -0.048229	 -3.675276
 -0.045475	 -3.468305
 -0.043074	 -3.250964
 -0.040532	 -3.037103
 -0.037707	 -2.824060
 -0.035236	 -2.611973
 -0.032199	 -2.400431
 -0.028175	 -2.225522
 -0.027963	 -2.004088
 -0.027963	 -1.830134
 -0.027821	 -1.610338
 -0.027751	 -1.427515
 -0.027680	 -1.246194
 -0.027539	 -1.069306
 -0.027398	 -0.857560
 -0.027257	 -0.696976
 -0.027115	 -0.502830
 -0.026974	 -0.321099
 -0.026480	 -0.146326
  0.000565	  0.015690
  0.000565	  0.204857
  0.000424	  0.381539
  0.000635	  0.551060
  0.000494	  0.720443
  0.000424	  0.915817
  0.000565	  1.079607
  0.028457	  1.269865
  0.028740	  1.441500
  0.028740	  1.638307
  0.029022	  1.834364
  0.029022	  2.016640
  0.029304	  2.197621
  0.032976	  2.415029
  0.035659	  2.593077
  0.038484	  2.776035
  0.040885	  2.974957
  0.043145	  3.190319
  0.045545	  3.378462
  0.047876	  3.574110
  0.050700	  3.793156
  0.052960	  4.013634
  0.055925	  4.200208
  0.058185	  4.422597
  0.061080	  4.634343
  0.063552	  4.848341
  0.066306	  5.071548
  0.069342	  5.275245
  0.071743	  5.517348
  0.074567	  5.731141
  0.078027	  5.951074
  0.080357	  6.163230
  0.083041	  6.424638
  0.085230	  6.532763
  0.083606	  6.391689
  0.082194	  6.268421
  0.080357	  6.118070
  0.078663	  5.987093
  0.076827	  5.842881
  0.075203	  5.713132
  0.073438	  5.566601
  0.071531	  5.433509
  0.070260	  5.306829
  0.068424	  5.178854
  0.066941	  5.044397
  0.065388	  4.919219
  0.063622	  4.784490
  0.062139	  4.653853
  0.060374	  4.519875
  0.058891	  4.389648
  0.057338	  4.279613
  0.055855	  4.142019
  0.054372	  4.019773
  0.052889	  3.897528
  0.051053	  3.772827
  0.049641	  3.652423
  0.048087	  3.529086
  0.046393	  3.406159
  0.045051	  3.280298
  0.043851	  3.157370
  0.042156	  3.034238
  0.040885	  2.918541
  0.039331	  2.798956
  0.037778	  2.692469
  0.036436	  2.579569
  0.034671	  2.466602
  0.032906	  2.355135
  0.029869	  2.244759
  0.029869	  2.143524
  0.029799	  2.020051
  0.029587	  1.916156
  0.029587	  1.795957
  0.029375	  1.698338
  0.029375	  1.579981
  0.029446	  1.477928
  0.029163	  1.371509
  0.029234	  1.269592
  0.029304	  1.161741
  0.029163	  1.048773
  0.029093	  0.946174
  0.029022	  0.838664
  0.028881	  0.736406
  0.028951	  0.629032
  0.028598	  0.526706
  0.028598	  0.421992
  0.028669	  0.314482
  0.028457	  0.216863
  0.027892	  0.117334
  0.001130	  0.024626
  0.001130	 -0.096664
  0.001059	 -0.182754
  0.001130	 -0.302748
  0.001059	 -0.397639
  0.001059	 -0.508628
  0.001059	 -0.608976
  0.001200	 -0.712462
  0.001059	 -0.819017
  0.001200	 -0.925641
  0.001059	 -1.027967
  0.001059	 -1.153282
 -0.026974	 -1.255403
 -0.027115	 -1.367757
 -0.026974	 -1.461215
 -0.027115	 -1.575411
 -0.027398	 -1.698543
 -0.027398	 -1.812943
 -0.027398	 -1.912541
 -0.027398	 -2.036082
 -0.027539	 -2.156145
 -0.027963	 -2.271637
 -0.030929	 -2.381466
 -0.032764	 -2.513467
 -0.034600	 -2.624798
 -0.035801	 -2.743632
 -0.037707	 -2.859806
 -0.039120	 -2.990715
 -0.040673	 -3.111733
 -0.042227	 -3.224155
 -0.043639	 -3.349538
 -0.045122	 -3.474308
 -0.046605	 -3.593006
 -0.048017	 -3.732033
 -0.049853	 -3.861918
 -0.051689	 -3.975296
 -0.052818	 -4.122304
 -0.054513	 -4.240456
 -0.056137	 -4.385145
 -0.057691	 -4.521239
 -0.059597	 -4.639528
 -0.061151	 -4.769959
 -0.062775	 -4.920719
 -0.064399	 -5.057427
 -0.066447	 -5.195976
 -0.068212	 -5.314947
 -0.069836	 -5.476145
 -0.071672	 -5.617423
 -0.073861	 -5.773845
 -0.075203	 -5.900798
 -0.077039	 -6.066225
 -0.078875	 -6.199317
 -0.080852	 -6.352328
 -0.081276	 -6.281450
 -0.077886	 -6.027000
 -0.075062	 -5.795470
 -0.071743	 -5.565441
 -0.068918	 -5.345713
 -0.065741	 -5.066909
 -0.062916	 -4.850115
 -0.059738	 -4.602145
 -0.057408	 -4.388079
 -0.054160	 -4.169033
 -0.051477	 -3.957423
 -0.049147	 -3.710681
 -0.046322	 -3.523492
 -0.043427	 -3.299808
 -0.041097	 -3.101568
 -0.038696	 -2.862876
 -0.036013	 -2.678553
 -0.033329	 -2.471036
 -0.028386	 -2.280573
 -0.028104	 -2.051636
 -0.028033	 -1.883139
 -0.027963	 -1.702500
 -0.027963	 -1.488161
 -0.027539	 -1.325121
 -0.027539	 -1.117263
 -0.027539	 -0.958180
 -0.027398	 -0.763352
 -0.027257	 -0.590762
 -0.026974	 -0.411623
 -0.026974	 -0.225936
  0.000565	 -0.061054
  0.000565	  0.124838
  0.000635	  0.298996
  0.000706	  0.466606
  0.000353	  0.645745
  0.000494	  0.797802
  0.000353	  0.992971
  0.000494	  1.178727
  0.028598	  1.368030
  0.028881	  1.524384
  0.028881	  1.740701
  0.029163	  1.916702
  0.029163	  2.114532
  0.029375	  2.287463
  0.034318	  2.502279
  0.036931	  2.694652
  0.039543	  2.901009
  0.041874	  3.099590
  0.044627	  3.295851
  0.046746	  3.509030
  0.049500	  3.704268
  0.052112	  3.905919
  0.054796	  4.128444
  0.057267	  4.344829
  0.060092	  4.555962
  0.062634	  4.755565
  0.065529	  4.990983
  0.067859	  5.207437
  0.071178	  5.455953
  0.073861	  5.675953
  0.076827	  5.901139
  0.079581	  6.121890
  0.082617	  6.365153
  0.085583	  6.578127
  0.084312	  6.437668
  0.082900	  6.312967
  0.080499	  6.150473
  0.079087	  6.030411
  0.077392	  5.886950
  0.075909	  5.757337
  0.074002	  5.617014
  0.072378	  5.500362
  0.070401	  5.353149
  0.069130	  5.231517
  0.067506	  5.099995
  0.065882	  4.966357
  0.064470	  4.861029
  0.062916	  4.709587
  0.061221	  4.595528
  0.059174	  4.460389
  0.058044	  4.337598
  0.056490	  4.213442
  0.055008	  4.088673
  0.053525	  3.958719
  0.051759	  3.848275
  0.050347	  3.723574
  0.048935	  3.592392
  0.047381	  3.478674
  0.046110	  3.367207
  0.044627	  3.246121
  0.043145	  3.118009
  0.041520	  2.999447
  0.040179	  2.884774
  0.038343	  2.761369
  0.037213	  2.650243
  0.035801	  2.524996
  0.033824	  2.427513
  0.030081	  2.294217
  0.029869	  2.194756
  0.029728	  2.062346
  0.029587	  1.961043
  0.029587	  1.836956
  0.029304	  1.742066
  0.029375	  1.628279
  0.029304	  1.512582
  0.029304	  1.399887
  0.029163	  1.293400
  0.029304	  1.184116
  0.029022	  1.091954
  0.029163	  0.969641
  0.028951	  0.876729
  0.028951	  0.769355
  0.028881	  0.670099
  0.028740	  0.557540
  0.028881	  0.460399
  0.028598	  0.351046
  0.028528	  0.250562
  0.028175	  0.137526
  0.003743	  0.049117
  0.000989	 -0.061191
  0.001059	 -0.153284
  0.001130	 -0.268572
  0.001130	 -0.375673
  0.001130	 -0.466879
  0.001059	 -0.578551
  0.001130	 -0.674874
  0.000918	 -0.781702
  0.001130	 -0.881504
  0.001271	 -0.989765
  0.000918	 -1.103756
 -0.026762	 -1.212017
 -0.026974	 -1.317822
 -0.026974	 -1.422604
 -0.027257	 -1.541097
 -0.027115	 -1.637215
 -0.027257	 -1.749297
 -0.027398	 -1.869223
 -0.027539	 -1.989899
 -0.027680	 -2.104572
 -0.027821	 -2.211469
 -0.027963	 -2.337466
 -0.032270	 -2.440747
 -0.034035	 -2.584754
 -0.035306	 -2.694789
 -0.037001	 -2.820308
 -0.038484	 -2.939007
 -0.040108	 -3.063571
 -0.041662	 -3.187727
 -0.043074	 -3.305265
 -0.044769	 -3.434946
 -0.046322	 -3.555282
 -0.047734	 -3.681415
 -0.049429	 -3.818873
 -0.050841	 -3.951147
 -0.052465	 -4.076394
 -0.054160	 -4.195092
 -0.055572	 -4.342782
 -0.057126	 -4.476488
 -0.059103	 -4.604259
 -0.060657	 -4.736737
 -0.062492	 -4.871467
 -0.064046	 -5.016701
 -0.065811	 -5.149247
 -0.067365	 -5.300008
 -0.069483	 -5.442787
 -0.070966	 -5.577243
 -0.072943	 -5.742670
 -0.074779	 -5.872556
 -0.076474	 -6.004215
 -0.078310	 -6.149927
 -0.080075	 -6.289568
 -0.082123	 -6.427299
 -0.080005	 -6.187037
 -0.076474	 -5.948481
 -0.073438	 -5.721864
 -0.070542	 -5.464139
 -0.067577	 -5.244683
 -0.064752	 -4.989755
 -0.061928	 -4.772483
 -0.058962	 -4.537134
 -0.056137	 -4.327024
 -0.053525	 -4.101702
 -0.050982	 -3.870173
 -0.048299	 -3.658222
 -0.045616	 -3.459982
 -0.042933	 -3.231932
 -0.040532	 -3.035943
 -0.037990	 -2.822832
 -0.035448	 -2.626025
 -0.032058	 -2.408071
 -0.028386	 -2.219041
 -0.027963	 -2.009614
 -0.028175	 -1.805644
 -0.027892	 -1.611429
 -0.027680	 -1.436929
 -0.027680	 -1.226206
 -0.027468	 -1.046931
 -0.027327	 -0.854831
 -0.027115	 -0.679376
 -0.027115	 -0.506036
 -0.026974	 -0.319325
 -0.026551	 -0.147418
  0.000494	  0.013371
  0.000424	  0.207995
  0.000565	  0.371921
  0.000565	  0.555425
  0.000424	  0.743228
  0.000424	  0.938807
  0.000494	  1.094547
  0.028740	  1.274641
  0.028740	  1.456917
  0.028740	  1.649836
  0.028810	  1.846029
  0.029163	  2.053068
  0.029304	  2.211537
  0.033118	  2.393677
  0.035659	  2.595260
  0.038202	  2.786268
  0.040744	  3.005246
  0.043145	  3.179131
  0.045545	  3.383306
  0.047876	  3.579362
  0.050559	  3.800932
  0.053030	  3.982254
  0.055855	  4.227154
  0.058326	  4.424575
  0.060798	  4.634343
  0.063481	  4.835243
  0.066376	  5.086556
  0.069483	  5.312696
  0.072237	  5.531537
  0.074850	  5.760884
  0.077957	  5.982590
  0.080357	  6.200681
  0.083464	  6.456837
  0.085583	  6.528601
  0.083606	  6.362151
  0.081982	  6.248979
  0.080005	  6.105108
  0.078522	  5.981499
  0.076403	  5.829579
  0.074991	  5.701671
  0.073579	  5.552889
  0.071672	  5.434873
  0.069907	  5.292231
  0.068494	  5.173123
  0.066659	  5.014928
  0.065176	  4.908781
  0.063410	  4.771665
  0.061928	  4.644030
  0.060374	  4.502274
  0.058679	  4.399403
  0.057126	  4.262491
  0.055572	  4.134651
  0.054089	  4.004834
  0.052536	  3.890229
  0.051194	  3.752975
  0.049641	  3.654265
  0.047876	  3.522674
  0.046816	  3.409501
  0.044980	  3.290940
  0.043568	  3.160099
  0.042015	  3.038399
  0.040744	  2.936141
  0.039049	  2.804346
  0.037778	  2.694925
  0.036083	  2.563948
  0.034530	  2.450912
  0.030929	  2.342651
  0.029799	  2.226954
  0.029869	  2.130154
  0.029587	  2.012820
  0.029728	  1.902376
  0.029657	  1.786611
  0.029446	  1.685582
  0.029304	  1.561699
  0.029304	  1.459441
  0.029304	  1.360117
  0.029304	  1.248377
  0.029163	  1.127291
  0.029163	  1.035948
  0.029022	  0.931507
  0.029163	  0.830887
  0.029022	  0.713962
  0.028881	  0.612933
  0.028740	  0.505149
  0.028598	  0.415716
  0.028528	  0.300565
  0.028457	  0.185415
  0.027751	  0.101235
  0.001130	  0.008664
  0.000918	 -0.104850
  0.001271	 -0.201719
  0.001200	 -0.318643
  0.001200	 -0.410123
  0.001059	 -0.520498
  0.000989	 -0.622756
  0.001271	 -0.738725
  0.000989	 -0.836617
  0.000989	 -0.949721
  0.000989	 -1.054367
 -0.012852	 -1.179887
 -0.027115	 -1.269183
 -0.027115	 -1.397841
 -0.026974	 -1.493345
 -0.027257	 -1.607063
 -0.027257	 -1.716075
 -0.027468	 -1.829998
 -0.027398	 -1.941874
 -0.027539	 -2.073056
 -0.027680	 -2.172380
 -0.027963	 -2.294899
 -0.031635	 -2.435836
 -0.033612	 -2.549281
 -0.034953	 -2.652016
 -0.036648	 -2.790429
 -0.037990	 -2.892687
 -0.039826	 -3.027211
 -0.040955	 -3.134108
 -0.042580	 -3.276000
 -0.044204	 -3.401656
 -0.045616	 -3.509985
 -0.047381	 -3.645670
 -0.048440	 -3.772008
 -0.050135	 -3.892889
 -0.051689	 -4.019091
 -0.053171	 -4.143179
 -0.054937	 -4.299874
 -0.056632	 -4.411818
 -0.058326	 -4.539385
 -0.059950	 -4.686256
 -0.061433	 -4.811572
 -0.063340	 -4.958512
 -0.065105	 -5.093036
 -0.066659	 -5.234724
 -0.068565	 -5.373887
 -0.070401	 -5.503568
 -0.071884	 -5.641094
 -0.073932	 -5.792878
 -0.075626	 -5.929040
 -0.077462	 -6.101220
 -0.079298	 -6.219168
 -0.081276	 -6.392372
 -0.080569	 -6.259894
 -0.077462	 -5.973790
 -0.074285	 -5.772617
 -0.071390	 -5.514892
 -0.068141	 -5.288274
 -0.065246	 -5.052925
 -0.062704	 -4.801544
 -0.059456	 -4.562374
 -0.056843	 -4.370683
 -0.053807	 -4.141746
 -0.051547	 -3.919835
 -0.048440	 -3.697174
 -0.046040	 -3.497024
 -0.043356	 -3.262766
 -0.040955	 -3.068551
 -0.038272	 -2.836612
 -0.035589	 -2.659247
 -0.032764	 -2.442998
 -0.028245	 -2.255537
 -0.028245	 -2.041676
 -0.027963	 -1.842481
 -0.027680	 -1.651814
 -0.027539	 -1.472130
 -0.027680	 -1.253766
 -0.027539	 -1.080903
 -0.027468	 -0.892624
 -0.027398	 -0.710961
 -0.027257	 -0.534005
 -0.026974	 -0.336789
 -0.026833	 -0.178729
  0.000565	 -0.006412
  0.000424	  0.183436
  0.000635	  0.369601
  0.000424	  0.535370
  0.000494	  0.743637
  0.000282	  0.913498
  0.000565	  1.090044
  0.028598	  1.295038
  0.028740	  1.452756
  0.028881	  1.646084
  0.029022	  1.830407
  0.029022	  2.041403
  0.029304	  2.206421
  0.032976	  2.394360
  0.035659	  2.592940
  0.038272	  2.776718
  0.040744	  2.973388
  0.043286	  3.165488
  0.045545	  3.376825
  0.047946	  3.572745
  0.050559	  3.802911
  0.052889	  4.002855
  0.055714	  4.194000
  0.058326	  4.396810
  0.060727	  4.617357
  0.063057	  4.831218
  0.065811	  5.047331
  0.068353	  5.274563
  0.071601	  5.517757
  0.074426	  5.711563
  0.077109	  5.952643
  0.080428	  6.164935
  0.083182	  6.419249
  0.085795	  6.552887
  0.083535	  6.399944
  0.082335	  6.260576
  0.080357	  6.116296
  0.078663	  5.993505
  0.076827	  5.850453
  0.075415	  5.714564
  0.073579	  5.587339
  0.072096	  5.453974
  0.070472	  5.309149
  0.068494	  5.180218
  0.067012	  5.058859
  0.065599	  4.914375
  0.063834	  4.790220
  0.061998	  4.671112
  0.060303	  4.535019
  0.058962	  4.415297
  0.057338	  4.286639
  0.055784	  4.162689
  0.054231	  4.032325
  0.052889	  3.911171
  0.051053	  3.785924
  0.049782	  3.680461
  0.048299	  3.542525
  0.046816	  3.432218
  0.045404	  3.315088
  0.043851	  3.189705
  0.042438	  3.076464
  0.041026	  2.947261
  0.039755	  2.834566
  0.038202	  2.709865
  0.036507	  2.613815
  0.035095	  2.482565
  0.033118	  2.384059
  0.030152	  2.270477
  0.029869	  2.149937
  0.029728	  2.039084
  0.029446	  1.940237
  0.029587	  1.820584
  0.029587	  1.711163
  0.029446	  1.606927
  0.029304	  1.491367
  0.029304	  1.380105
  0.029304	  1.285282
  0.029093	  1.161536
  0.029163	  1.058255
  0.029022	  0.946856
  0.029022	  0.853740
  0.029093	  0.739407
  0.028810	  0.633398
  0.028740	  0.529912
  0.028598	  0.425403
  0.028740	  0.322054
  0.028457	  0.224367
  0.028175	  0.114741
  0.000989	  0.015622
  0.001130	 -0.088478
  0.001059	 -0.190872
  0.001059	 -0.296200
  0.001130	 -0.405347
  0.001271	 -0.514222
  0.001130	 -0.612114
  0.001130	 -0.713417
  0.001059	 -0.833343
  0.001059	 -0.932531
  0.001200	 -1.035675
  0.001200	 -1.154442
 -0.026974	 -1.257586
 -0.026974	 -1.370691
 -0.027257	 -1.476223
 -0.027257	 -1.601197
 -0.027115	 -1.706524
 -0.027468	 -1.829043
 -0.027539	 -1.944739
 -0.027539	 -2.054910
 -0.027680	 -2.169242
 -0.027680	 -2.283916
 -0.031211	 -2.395178
 -0.033047	 -2.501870
 -0.034883	 -2.628959
 -0.036295	 -2.753182
 -0.037707	 -2.873654
 -0.039261	 -2.982802
 -0.040673	 -3.110573
 -0.042227	 -3.218015
 -0.043498	 -3.344354
 -0.045192	 -3.484677
 -0.046887	 -3.603648
 -0.048158	 -3.721868
 -0.049994	 -3.859804
 -0.051336	 -3.978638
 -0.053171	 -4.130149
 -0.054443	 -4.256897
 -0.056349	 -4.399266
 -0.058044	 -4.525332
 -0.059738	 -4.668793
 -0.061363	 -4.802840
 -0.062987	 -4.938797
 -0.064752	 -5.063567
 -0.066447	 -5.222376
 -0.068212	 -5.346532
 -0.069977	 -5.500089
 -0.071813	 -5.638025
 -0.073932	 -5.778893
 -0.075344	 -5.921536
 -0.077604	 -6.078026
 -0.079016	 -6.215211
 -0.080993	 -6.362902
 -0.081276	 -6.300756
 -0.078027	 -6.056128
 -0.075062	 -5.820165
 -0.071460	 -5.569261
 -0.069059	 -5.332343
 -0.066164	 -5.092218
 -0.063128	 -4.853116
 -0.060233	 -4.616197
 -0.057338	 -4.399130
 -0.054654	 -4.157436
 -0.051759	 -3.966632
 -0.049005	 -3.738377
 -0.046463	 -3.511418
 -0.043921	 -3.301445
 -0.041520	 -3.089358
 -0.038978	 -2.910423
 -0.036295	 -2.678826
 -0.033329	 -2.493070
 -0.028528	 -2.283711
 -0.028316	 -2.101434
 -0.027963	 -1.910972
 -0.027821	 -1.712527
 -0.027680	 -1.519813
 -0.027680	 -1.344700
 -0.027680	 -1.145505
 -0.027468	 -0.971210
 -0.027186	 -0.789888
 -0.027115	 -0.603587
 -0.027115	 -0.407667
 -0.026833	 -0.259976
 -0.008332	 -0.077768
  0.000635	  0.095027
  0.000494	  0.292106
  0.000565	  0.448665
  0.000424	  0.623984
  0.000635	  0.795823
  0.000494	  1.002044
  0.028598	  1.151849
  0.028598	  1.339038
  0.028598	  1.537755
  0.029022	  1.710072
  0.028881	  1.889210
  0.029163	  2.088678
  0.029304	  2.268499
  0.034247	  2.481064
  0.036931	  2.660884
  0.039331	  2.886274
  0.041803	  3.076601
  0.044274	  3.293873
  0.046958	  3.469055
  0.049358	  3.700312
  0.051759	  3.906396
  0.054937	  4.116915
  0.057338	  4.316655
  0.060303	  4.548662
  0.062422	  4.753928
  0.065317	  4.987709
  0.068071	  5.218761
  0.071178	  5.420343
  0.073861	  5.641367
  0.076686	  5.877604
  0.079087	  6.099105
  0.082052	  6.317333
  0.085018	  6.557867
  0.085018	  6.462294
  0.082900	  6.332613
  0.081346	  6.183149
  0.079651	  6.057834
  0.077815	  5.925424
  0.076262	  5.800586
  0.074850	  5.639321
  0.072873	  5.523965
  0.071319	  5.403562
  0.069624	  5.260510
  0.068141	  5.144677
  0.066235	  5.007287
  0.064893	  4.882654
  0.062987	  4.748675
  0.061574	  4.623019
  0.059809	  4.491769
  0.058538	  4.371775
  0.056702	  4.232270
  0.055431	  4.107023
  0.053736	  3.966700
  0.052254	  3.867444
  0.050488	  3.728758
  0.049147	  3.620839
  0.047805	  3.481948
  0.046110	  3.375666
  0.044698	  3.253829
  0.043145	  3.128105
  0.041732	  2.993580
  0.040037	  2.882113
  0.038767	  2.768395
  0.037142	  2.652698
  0.035801	  2.540822
  0.033824	  2.416325
  0.030152	  2.292306
  0.029728	  2.185819
  0.030010	  2.072851
  0.029728	  1.961521
  0.029657	  1.846506
  0.029446	  1.730878
  0.029446	  1.616273
  0.029446	  1.517903
  0.029163	  1.402889
  0.029304	  1.301450
  0.029163	  1.180296
  0.029163	  1.075446
  0.029163	  0.973529
  0.029022	  0.874409
  0.028740	  0.753392
  0.029022	  0.661981
  0.028881	  0.548262
  0.028740	  0.456033
  0.028669	  0.343270
  0.028528	  0.230847
  0.028316	  0.145780
  0.001059	  0.043182
  0.001271	 -0.054164
  0.001059	 -0.160652
  0.001130	 -0.267958
  0.001059	 -0.367418
  0.001059	 -0.470154
  0.001130	 -0.576777
  0.001059	 -0.689404
  0.001130	 -0.792344
  0.001130	 -0.897262
  0.001059	 -1.003681
  0.000918	 -1.109350
 -0.026974	 -1.232073
 -0.026974	 -1.328259
 -0.027115	 -1.450982
 -0.027115	 -1.551807
 -0.027327	 -1.672825
 -0.027257	 -1.777948
 -0.027539	 -1.902172
 -0.027539	 -2.021143
 -0.027539	 -2.138886
 -0.027680	 -2.249125
 -0.030646	 -2.384673
 -0.032764	 -2.481473
 -0.034459	 -2.617362
 -0.036154	 -2.734968
 -0.037566	 -2.848414
 -0.038978	 -2.970864
 -0.040673	 -3.089358
 -0.041944	 -3.217197
 -0.043427	 -3.350152
 -0.044910	 -3.464280
 -0.046605	 -3.605967
 -0.048299	 -3.716479
 -0.049570	 -3.864715
 -0.051406	 -3.972158
 -0.052960	 -4.108251
 -0.054372	 -4.232543
 -0.055996	 -4.379893
 -0.057761	 -4.510256
 -0.059527	 -4.649692
 -0.061010	 -4.769141
 -0.062775	 -4.920924
 -0.064328	 -5.062066
 -0.066164	 -5.197750
 -0.068000	 -5.315220
 -0.069413	 -5.459295
 -0.071460	 -5.616331
 -0.073296	 -5.759792
 -0.075203	 -5.889201
 -0.076897	 -6.020383
 -0.078733	 -6.183968
 -0.080569	 -6.318697
 -0.081982	 -6.384049
 -0.079440	 -6.144129
 -0.076050	 -5.879105
 -0.073084	 -5.669336
 -0.069907	 -5.395785
 -0.067012	 -5.193793
 -0.064117	 -4.938729
 -0.061574	 -4.730188
 -0.058750	 -4.488154
 -0.055855	 -4.265151
 -0.053171	 -4.048288
 -0.050276	 -3.843909
 -0.047593	 -3.616131
 -0.045051	 -3.412980
 -0.042227	 -3.191615
 -0.039684	 -2.990715
 -0.037142	 -2.765803
 -0.034883	 -2.563948
 -0.031070	 -2.373144
 -0.028386	 -2.162557
 -0.027963	 -1.959679
 -0.027963	 -1.754004
 -0.027680	 -1.587963
 -0.027680	 -1.388632
 -0.027539	 -1.189369
 -0.027398	 -1.013436
 -0.027398	 -0.822019
 -0.027257	 -0.663072
 -0.027257	 -0.457261
 -0.026974	 -0.290606
 -0.026480	 -0.109284
  0.000565	  0.059758
  0.000353	  0.248993
  0.000565	  0.415853
  0.000353	  0.599357
  0.000635	  0.756530
  0.000424	  0.944537
  0.000635	  1.126268
  0.028598	  1.310728
  0.028810	  1.472266
  0.029022	  1.648267
  0.028881	  1.856671
  0.029163	  2.036764
  0.029163	  2.226272
  0.032976	  2.390949
  0.035942	  2.587005
  0.037919	  2.775353
  0.040673	  2.991193
  0.043074	  3.163851
  0.045687	  3.371095
  0.047876	  3.586457
  0.050347	  3.800387
  0.053313	  3.989962
  0.055714	  4.232134
  0.058185	  4.432761
  0.060868	  4.637208
  0.063552	  4.852161
  0.066517	  5.077687
  0.069130	  5.309626
  0.072166	  5.556164
  0.074920	  5.741169
  0.077815	  5.975291
  0.080569	  6.195360
  0.083182	  6.447082
  0.085159	  6.509842
  0.083606	  6.351100
  0.081770	  6.240383
  0.080287	  6.105586
  0.078522	  5.963012
  0.076897	  5.831352
  0.075132	  5.709721
  0.073367	  5.558347
  0.071601	  5.438148
  0.070048	  5.288138
  0.068283	  5.147406
  0.066659	  5.015200
  0.064964	  4.891795
  0.063128	  4.768390
  0.061928	  4.644303
  0.060092	  4.514281
  0.058609	  4.393400
  0.056914	  4.254304
  0.055643	  4.137312
  0.053807	  4.013020
  0.052607	  3.895686
  0.051053	  3.759320
  0.049358	  3.648057
  0.047946	  3.529086
  0.046393	  3.400838
  0.045263	  3.288211
  0.043709	  3.168831
  0.042085	  3.053543
  0.040602	  2.918951
  0.039261	  2.823173
  0.037778	  2.702156
  0.036366	  2.581002
  0.034742	  2.460667
  0.032623	  2.349541
  0.029869	  2.229956
  0.030010	  2.122582
  0.029587	  2.009750
  0.029728	  1.899511
  0.029304	  1.786611
  0.029446	  1.688856
  0.029304	  1.573978
  0.029446	  1.459987
  0.029163	  1.355751
  0.029304	  1.246262
  0.029022	  1.139775
  0.029163	  1.031378
  0.029022	  0.919228
  0.028881	  0.830205
  0.028740	  0.718533
  0.028740	  0.620573
  0.028881	  0.509924
  0.028598	  0.410805
  0.028598	  0.302339
  0.028316	  0.195579
  0.027680	  0.095300
  0.001059	 -0.001705
  0.001130	 -0.107920
  0.001200	 -0.215089
  0.001130	 -0.314209
  0.001059	 -0.416399
  0.001130	 -0.534005
  0.001200	 -0.628622
  0.001130	 -0.734359
  0.001059	 -0.841324
  0.000989	 -0.953405
  0.001059	 -1.056072
  0.001130	 -1.176066
 -0.026974	 -1.272594
 -0.027257	 -1.390132
 -0.027115	 -1.493072
 -0.027257	 -1.614977
 -0.027398	 -1.726717
 -0.027398	 -1.840776
 -0.027398	 -1.943102
 -0.027539	 -2.060436
 -0.027751	 -2.179270
 -0.027680	 -2.284393
 -0.031635	 -2.397088
 -0.033188	 -2.521926
 -0.034600	 -2.644717
 -0.036295	 -2.756389
 -0.037849	 -2.886547
 -0.039261	 -2.998492
 -0.041097	 -3.124217
 -0.042650	 -3.244688
 -0.043921	 -3.380782
 -0.045475	 -3.503164
 -0.047028	 -3.634414
 -0.048582	 -3.757068
 -0.050206	 -3.880883
 -0.051971	 -4.009677
 -0.053383	 -4.160915
 -0.055078	 -4.285412
 -0.057055	 -4.426758
 -0.058326	 -4.561828
 -0.060374	 -4.690213
 -0.061857	 -4.830673
 -0.063764	 -4.965811
 -0.065388	 -5.103678
 -0.067294	 -5.245434
 -0.068777	 -5.389918
 -0.070401	 -5.524306
 -0.072378	 -5.662651
 -0.074214	 -5.831011
 -0.075909	 -5.958782
 -0.077815	 -6.121208
 -0.079440	 -6.262759
 -0.081558	 -6.421910
 -0.080852	 -6.257915
 -0.077321	 -6.014516
 -0.074426	 -5.761634
 -0.071107	 -5.538291
 -0.068848	 -5.286637
 -0.065458	 -5.039281
 -0.062422	 -4.820713
 -0.059174	 -4.586045
 -0.056561	 -4.371502
 -0.053666	 -4.133082
 -0.051406	 -3.913764
 -0.048723	 -3.672547
 -0.045898	 -3.466054
 -0.043215	 -3.262561
 -0.040673	 -3.053885
 -0.038131	 -2.822150
 -0.035306	 -2.647991
 -0.032482	 -2.438019
 -0.028386	 -2.219314
 -0.028245	 -2.035946
 -0.027963	 -1.858854
 -0.027892	 -1.666617
 -0.027892	 -1.481271
 -0.027539	 -1.295924
 -0.027398	 -1.109691
 -0.027539	 -0.935532
 -0.027398	 -0.745615
 -0.027257	 -0.556858
 -0.027115	 -0.381130
 -0.026762	 -0.212292
  0.000494	 -0.020533
  0.000494	  0.131864
  0.000494	  0.337266
  0.000565	  0.491369
  0.000424	  0.693975
  0.000494	  0.861039
  0.000494	  1.037790
  0.028528	  1.221022
  0.028810	  1.406436
  0.028740	  1.574524
  0.028951	  1.777607
  0.029022	  1.960497
  0.029163	  2.150005
  0.029657	  2.327779
  0.034883	  2.549417
  0.037354	  2.720711
  0.040320	  2.928228
  0.042580	  3.119714
  0.044980	  3.341762
  0.047381	  3.550848
  0.050065	  3.746836
  0.052607	  3.966018
  0.055290	  4.188680
  0.057761	  4.390876
  0.060515	  4.620359
  0.063128	  4.825079
  0.065952	  5.043920
  0.068706	  5.269787
  0.071884	  5.486309
  0.074144	  5.697851
  0.077392	  5.931700
  0.080216	  6.152724
  0.083182	  6.385413
  0.086148	  6.550909
  0.084312	  6.411677
  0.082335	  6.283701
  0.080640	  6.138740
  0.079087	  6.026454
  0.077604	  5.883812
  0.075556	  5.738850
  0.074002	  5.607259
  0.072166	  5.483239
  0.070754	  5.347351
  0.069059	  5.233428
  0.067506	  5.094537
  0.065952	  4.969631
  0.064399	  4.835243
  0.062845	  4.707813
  0.061221	  4.588774
  0.059456	  4.452135
  0.057973	  4.340668
  0.056561	  4.216376
  0.055149	  4.082943
  0.053383	  3.961243
  0.051830	  3.847729
  0.050276	  3.712659
  0.048793	  3.609378
  0.047523	  3.466190
  0.046040	  3.362500
  0.044557	  3.225997
  0.043003	  3.109413
  0.041591	  2.965134
  0.040037	  2.872563
  0.038343	  2.757548
  0.036860	  2.639669
  0.035518	  2.508487
  0.033400	  2.408753
  0.030010	  2.282074
  0.029869	  2.171766
  0.029728	  2.056479
  0.029728	  1.945694
  0.029657	  1.831089
  0.029728	  1.722214
  0.029304	  1.607473
  0.029516	  1.499144
  0.029234	  1.387949
  0.029163	  1.295038
  0.029093	  1.171564
  0.029022	  1.069784
  0.028881	  0.964866
  0.029022	  0.855923
  0.028881	  0.752915
  0.028740	  0.657342
  0.028881	  0.540690
  0.028457	  0.436659
  0.028598	  0.324373
  0.028598	  0.238624
  0.028175	  0.129272
  0.001059	  0.030493
  0.000777	 -0.068354
  0.001130	 -0.175864
  0.001130	 -0.264069
  0.001130	 -0.380175
  0.001059	 -0.469881
  0.001130	 -0.586601
  0.000989	 -0.693497
  0.001342	 -0.786546
  0.000918	 -0.897808
  0.000918	 -1.012686
  0.001271	 -1.112624
 -0.027115	 -1.220612
 -0.027115	 -1.326895
 -0.027257	 -1.444502
 -0.027327	 -1.562381
 -0.027257	 -1.682307
 -0.027539	 -1.778766
 -0.027398	 -1.899852
 -0.027327	 -2.009136
 -0.027680	 -2.144411
 -0.027821	 -2.251785
 -0.030929	 -2.361138
 -0.032623	 -2.488431
 -0.034318	 -2.616066
 -0.036013	 -2.716277
 -0.037566	 -2.835794
 -0.039120	 -2.958312
 -0.040249	 -3.090244
 -0.041944	 -3.222108
 -0.043639	 -3.345923
 -0.044910	 -3.449272
 -0.046463	 -3.583660
 -0.048017	 -3.723710
 -0.049711	 -3.852368
 -0.051547	 -3.978024
 -0.053101	 -4.112890
 -0.054654	 -4.237318
 -0.056420	 -4.384668
 -0.057973	 -4.499341
 -0.059527	 -4.657673
 -0.061433	 -4.781215
 -0.063340	 -4.928019
 -0.064470	 -5.046103
 -0.066164	 -5.192634
 -0.068141	 -5.341347
 -0.069695	 -5.477509
 -0.071531	 -5.622744
 -0.073226	 -5.740896
 -0.074920	 -5.905300
 -0.076756	 -6.020860
 -0.078592	 -6.184240
 -0.080711	 -6.314126
 -0.082264	 -6.372657
 -0.079157	 -6.138740
 -0.076050	 -5.875898
 -0.072873	 -5.669541
 -0.069977	 -5.406563
 -0.067365	 -5.174761
 -0.064046	 -4.933271
 -0.061151	 -4.734009
 -0.058467	 -4.465710
 -0.055431	 -4.277226
 -0.052818	 -4.039625
 -0.050347	 -3.811915
 -0.047452	 -3.582841
 -0.044486	 -3.399883
 -0.042227	 -3.152527
 -0.039543	 -2.974207
 -0.037142	 -2.744724
 -0.034600	 -2.557262
 -0.030575	 -2.336238
 -0.028245	 -2.141682
 -0.028175	 -1.936553
 -0.027963	 -1.776106
 -0.027821	 -1.567429
 -0.027680	 -1.381196
 -0.027468	 -1.171973
 -0.027539	 -1.013436
 -0.027398	 -0.800871
 -0.027257	 -0.642471
 -0.027186	 -0.437750
 -0.026974	 -0.283921
 -0.026268	 -0.079951
  0.000494	  0.084453
  0.000353	  0.272801
  0.000565	  0.420014
  0.000424	  0.624257
  0.000494	  0.796301
  0.000494	  0.984512
  0.000424	  1.157443
  0.028457	  1.325462
  0.028881	  1.495733
  0.028810	  1.692062
  0.028740	  1.877204
  0.029022	  2.063710
  0.029304	  2.254309
  0.033118	  2.442725
  0.036224	  2.641374
  0.038625	  2.806256
  0.041450	  3.016979
  0.043568	  3.229067
  0.046252	  3.416664
  0.048652	  3.611561
  0.050771	  3.843909
  0.053595	  4.022639
  0.055996	  4.270267
  0.058821	  4.448042
  0.061433	  4.690554
  0.063975	  4.899640
  0.067294	  5.117322
  0.069624	  5.342439
  0.072590	  5.552480
  0.074991	  5.786875
  0.078380	  6.013288
  0.080922	  6.257983
  0.084171	  6.491901
  0.085371	  6.506363
  0.083464	  6.361469
  0.081487	  6.234449
  0.080075	  6.086349
  0.078522	  5.958578
  0.076827	  5.830056
  0.074708	  5.699829
  0.073438	  5.552616
  0.071743	  5.435010
  0.069907	  5.294073
  0.068353	  5.173328
  0.066800	  5.044125
  0.065105	  4.911783
  0.063481	  4.770641
  0.061998	  4.652216
  0.060021	  4.512780
  0.058750	  4.387874
  0.057196	  4.251371
  0.055572	  4.126465
  0.054019	  3.988735
  0.052607	  3.889206
  0.050982	  3.744789
  0.049500	  3.633459
  0.047946	  3.525266
  0.046534	  3.395790
  0.045122	  3.280366
  0.043639	  3.170945
  0.042297	  3.055181
  0.040744	  2.918541
  0.039190	  2.807347
  0.037778	  2.704817
  0.036507	  2.583390
  0.034953	  2.468171
  0.032129	  2.361138
  0.029940	  2.238005
  0.029728	  2.137453
  0.029587	  2.019096
  0.029587	  1.911176
  0.029375	  1.786680
  0.029446	  1.693972
  0.029304	  1.569203
  0.029304	  1.472403
  0.029446	  1.343608
  0.029163	  1.240736
  0.028951	  1.139297
  0.029093	  1.029399
  0.029093	  0.926391
  0.028881	  0.816425
  0.029022	  0.702229
  0.028810	  0.602086
  0.028740	  0.501670
  0.028810	  0.393955
  0.028598	  0.283579
  0.028598	  0.191827
  0.026339	  0.087386
  0.001059	 -0.019851
  0.001059	 -0.125452
  0.001200	 -0.215294
  0.001130	 -0.336039
  0.001130	 -0.426495
  0.000989	 -0.536461
  0.001059	 -0.648337
  0.001130	 -0.750595
  0.001200	 -0.861585
  0.000918	 -0.967594
  0.001130	 -1.077697
 -0.027115	 -1.182956
 -0.027115	 -1.292718
 -0.027045	 -1.401047
 -0.027257	 -1.516676
 -0.027257	 -1.625891
 -0.027468	 -1.743976
 -0.027398	 -1.841595
 -0.027539	 -1.967797
 -0.027539	 -2.067394
 -0.027468	 -2.184250
 -0.027963	 -2.302198
 -0.031917	 -2.423488
 -0.033612	 -2.542869
 -0.035095	 -2.672345
 -0.036366	 -2.789133
 -0.038272	 -2.906467
 -0.039684	 -3.013500
 -0.041097	 -3.147342
 -0.042368	 -3.270202
 -0.044204	 -3.396199
 -0.045757	 -3.510258
 -0.047311	 -3.657676
 -0.048793	 -3.777124
 -0.050276	 -3.916561
 -0.052042	 -4.024821
 -0.053595	 -4.163780
 -0.055290	 -4.297418
 -0.056914	 -4.429214
 -0.058750	 -4.556575
 -0.060303	 -4.701196
 -0.061786	 -4.840428
 -0.063552	 -4.984025
 -0.065599	 -5.106543
 -0.066729	 -5.263648
 -0.068706	 -5.396058
 -0.070542	 -5.545590
 -0.072308	 -5.670496
 -0.074355	 -5.816822
 -0.075768	 -5.974268
 -0.077886	 -6.129257
 -0.079581	 -6.251707
 -0.081699	 -6.408812
 -0.080287	 -6.222101
 -0.077180	 -5.956054
 -0.073649	 -5.744989
 -0.070684	 -5.488901
 -0.067859	 -5.266308
 -0.064752	 -5.022295
 -0.062351	 -4.791106
 -0.059103	 -4.542318
 -0.056137	 -4.339781
 -0.053736	 -4.122099
 -0.051194	 -3.873311
 -0.048299	 -3.690693
 -0.045616	 -3.475604
 -0.043427	 -3.247008
 -0.040814	 -3.034579
 -0.038131	 -2.843980
 -0.035448	 -2.619545
 -0.032341	 -2.441156
 -0.028245	 -2.241075
 -0.028245	 -2.052045
 -0.028104	 -1.835319
 -0.027751	 -1.649768
 -0.027821	 -1.465171
 -0.027680	 -1.273549
 -0.027468	 -1.074013
 -0.027398	 -0.900059
 -0.027327	 -0.726310
 -0.027257	 -0.537416
 -0.027257	 -0.350773
 -0.026692	 -0.179139
  0.000494	 -0.003479
  0.000424	  0.167542
  0.000565	  0.334333
  0.000706	  0.499146
  0.000706	  0.702093
  0.000494	  0.858924
  0.000565	  1.059483
  0.028316	  1.230095
  0.028740	  1.419466
  0.028740	  1.575888
  0.029022	  1.777197
  0.029022	  1.971139
  0.029304	  2.173813
  0.029657	  2.359841
  0.035236	  2.550100
  0.037849	  2.735241
  0.040249	  2.961859
  0.042933	  3.131720
  0.045404	  3.357110
  0.047523	  3.564014
  0.050206	  3.786470
  0.052748	  3.987643
  0.055149	  4.206007
  0.058044	  4.385009
  0.060515	  4.626771
  0.063410	  4.842611
  0.066235	  5.070661
  0.068706	  5.284932
  0.071884	  5.501044
  0.074426	  5.734211
  0.077745	  5.950187
  0.080075	  6.185332
  0.083041	  6.416725
  0.085865	  6.548862
  0.084029	  6.425866
  0.082405	  6.271627
  0.080640	  6.143378
  0.079087	  6.015198
  0.077392	  5.906118
  0.075768	  5.743284
  0.074002	  5.606917
  0.072166	  5.484740
  0.070754	  5.350216
  0.069059	  5.227288
  0.067647	  5.097812
  0.065599	  4.964583
  0.064117	  4.841178
  0.062139	  4.698195
  0.060939	  4.583794
  0.059244	  4.446473
  0.057832	  4.327092
  0.056420	  4.193250
  0.054584	  4.081851
  0.053171	  3.948555
  0.051618	  3.825763
  0.049853	  3.697174
  0.048793	  3.567834
  0.047240	  3.452956
  0.045898	  3.326344
  0.044133	  3.215150
  0.042862	  3.084378
  0.041309	  2.979391
  0.039896	  2.861443
  0.038060	  2.737629
  0.036789	  2.609790
  0.035095	  2.501870
  0.033471	  2.396815
  0.030010	  2.273615
  0.029869	  2.154234
  0.029446	  2.032535
  0.029728	  1.926048
  0.029446	  1.819219
  0.029587	  1.715665
  0.029516	  1.587963
  0.029446	  1.496210
  0.029446	  1.376284
  0.029304	  1.280507
  0.029163	  1.165493
  0.029163	  1.059892
  0.029022	  0.958726
  0.028881	  0.863290
  0.028881	  0.750322
  0.028881	  0.641652
  0.028740	  0.542737
  0.028740	  0.438296
  0.028598	  0.338835
  0.028598	  0.244968
  0.028175	  0.144484
  0.000918	  0.035268
  0.001130	 -0.066034
  0.001130	 -0.173886
  0.001130	 -0.276348
  0.001059	 -0.381267
  0.001059	 -0.484616
  0.001271	 -0.598948
  0.001059	 -0.689131
  0.001130	 -0.812264
  0.000989	 -0.909883
  0.001059	 -1.031514
  0.001059	 -1.127291
 -0.027115	 -1.230845
 -0.027115	 -1.341357
 -0.027115	 -1.463875
 -0.027115	 -1.574797
 -0.027257	 -1.683808
 -0.027115	 -1.795411
 -0.027257	 -1.914246
 -0.027539	 -2.023667
 -0.027680	 -2.157509
 -0.027751	 -2.267202
 -0.031070	 -2.394087
 -0.032906	 -2.493820
 -0.034600	 -2.633871
 -0.036366	 -2.742950
 -0.037990	 -2.880612
 -0.039049	 -2.998356
 -0.040814	 -3.120601
 -0.042227	 -3.242505
 -0.044062	 -3.364614
 -0.045333	 -3.496410
 -0.047169	 -3.617769
 -0.048440	 -3.738923
 -0.050065	 -3.885726
 -0.051689	 -4.004288
 -0.053313	 -4.125237
 -0.054513	 -4.266038
 -0.056208	 -4.394150
 -0.058114	 -4.511416
 -0.059668	 -4.641574
 -0.061221	 -4.791448
 -0.063057	 -4.910828
 -0.064540	 -5.061929
 -0.066023	 -5.204026
 -0.068283	 -5.346805
 -0.069695	 -5.489857
 -0.071531	 -5.619810
 -0.073367	 -5.748605
 -0.075203	 -5.908029
 -0.076897	 -6.056128
 -0.079016	 -6.198771
 -0.080569	 -6.343801
 -0.081699	 -6.341277
 -0.078592	 -6.117251
 -0.075344	 -5.834081
 -0.072166	 -5.627451
 -0.069483	 -5.358743
 -0.066164	 -5.150680
 -0.063552	 -4.901141
 -0.061010	 -4.668656
 -0.057973	 -4.431260
 -0.055290	 -4.211328
 -0.052254	 -4.000468
 -0.049570	 -3.793428
 -0.046887	 -3.550916
 -0.044486	 -3.367207
 -0.041520	 -3.115416
 -0.039120	 -2.923930
 -0.036295	 -2.721803
 -0.034106	 -2.512716
 -0.028810	 -2.300288
 -0.028175	 -2.121968
 -0.028175	 -1.899170
 -0.027821	 -1.714847
 -0.027963	 -1.508830
 -0.027539	 -1.326486
 -0.027539	 -1.145164
 -0.027539	 -0.951222
 -0.027398	 -0.761578
 -0.027257	 -0.585782
 -0.027045	 -0.412033
 -0.026692	 -0.247424
 -0.013699	 -0.050617
  0.000353	  0.120745
  0.000635	  0.289924
  0.000353	  0.462309
  0.000565	  0.624939
  0.000353	  0.803122
  0.000424	  0.979259
  0.000565	  1.162764
  0.028598	  1.353773
  0.028740	  1.536731
  0.028740	  1.697042
  0.029022	  1.905378
  0.029163	  2.069577
  0.029446	  2.269385
  0.033824	  2.471104
  0.036507	  2.658702
  0.039331	  2.848278
  0.041732	  3.082126
  0.044274	  3.251237
  0.046605	  3.485564
  0.049147	  3.675685
  0.051901	  3.884635
  0.054160	  4.106205
  0.056985	  4.329753
  0.059738	  4.513326
  0.062634	  4.735441
  0.064823	  4.973383
  0.068071	  5.180491
  0.070542	  5.412089
  0.073438	  5.636319
  0.075980	  5.852363
  0.079369	  6.072978
  0.081770	  6.300005
  0.085018	  6.541904
  0.084877	  6.468980
  0.083182	  6.342436
  0.081487	  6.195769
  0.079793	  6.064110
  0.077957	  5.921195
  0.076121	  5.786465
  0.074638	  5.656989
  0.072731	  5.527035
  0.071178	  5.408473
  0.069483	  5.254234
  0.068000	  5.124553
  0.066023	  5.000943
  0.064752	  4.883609
  0.062987	  4.727050
  0.061433	  4.613605
  0.059809	  4.470417
  0.058114	  4.351787
  0.056773	  4.239638
  0.055290	  4.097882
  0.053878	  3.984505
  0.052042	  3.873584
  0.050630	  3.746972
  0.049147	  3.607059
  0.047593	  3.496137
  0.046252	  3.382283
  0.044557	  3.266245
  0.043427	  3.136973
  0.041874	  3.014660
  0.040461	  2.906330
  0.039120	  2.800525
  0.037496	  2.677325
  0.036224	  2.559991
  0.034247	  2.438837
  0.031070	  2.327643
  0.030010	  2.206967
  0.029728	  2.108665
  0.029869	  1.989285
  0.029516	  1.876522
  0.029587	  1.755232
  0.029375	  1.658363
  0.029446	  1.541711
  0.029304	  1.431540
  0.029304	  1.314548
  0.029163	  1.219726
  0.029375	  1.108531
  0.028881	  1.005387
  0.029022	  0.900196
  0.028951	  0.784499
  0.028881	  0.687289
  0.028881	  0.585509
  0.028669	  0.467834
  0.028598	  0.364281
  0.028740	  0.268776
  0.028457	  0.168360
  0.010380	  0.055802
  0.000918	 -0.032062
  0.000918	 -0.149873
  0.001271	 -0.245582
  0.000989	 -0.356640
  0.001130	 -0.460740
  0.001059	 -0.573230
  0.000918	 -0.675079
  0.001200	 -0.789001
  0.001130	 -0.885461
  0.001271	 -1.005250
  0.000989	 -1.104097
 -0.026974	 -1.201170
 -0.027115	 -1.326076
 -0.027115	 -1.421512
 -0.027115	 -1.545463
 -0.027257	 -1.649768
 -0.027115	 -1.767511
 -0.027398	 -1.882116
 -0.027398	 -1.992355
 -0.027539	 -2.113986
 -0.027821	 -2.231184
 -0.027751	 -2.350564
 -0.032341	 -2.464691
 -0.033894	 -2.580729
 -0.035589	 -2.701201
 -0.036860	 -2.804346
 -0.038837	 -2.935118
 -0.039826	 -3.053270
 -0.041732	 -3.184179
 -0.042933	 -3.310723
 -0.044486	 -3.446816
 -0.046181	 -3.553440
 -0.047876	 -3.685372
 -0.049429	 -3.803320
 -0.050700	 -3.932660
 -0.052536	 -4.054769
 -0.054089	 -4.209008
 -0.055714	 -4.323750
 -0.057267	 -4.452680
 -0.058750	 -4.598529
 -0.060515	 -4.742536
 -0.062422	 -4.860415
 -0.064258	 -5.006127
 -0.065741	 -5.160844
 -0.067435	 -5.304032
 -0.069271	 -5.448517
 -0.071249	 -5.597094
 -0.073084	 -5.717088
 -0.074920	 -5.887154
 -0.076544	 -6.028500
 -0.078733	 -6.177419
 -0.080146	 -6.310170
 -0.082829	 -6.399944
 -0.079298	 -6.194541
 -0.076050	 -5.931495
 -0.073508	 -5.675203
 -0.070048	 -5.418569
 -0.067365	 -5.193589
 -0.064046	 -4.974270
 -0.061221	 -4.747652
 -0.058962	 -4.507050
 -0.056137	 -4.282342
 -0.053030	 -4.087172
 -0.050700	 -3.857894
 -0.048440	 -3.637893
 -0.045333	 -3.452819
 -0.042933	 -3.238549
 -0.040249	 -2.996309
 -0.037849	 -2.807893
 -0.035306	 -2.601263
 -0.032058	 -2.429696
 -0.028175	 -2.217267
 -0.027963	 -2.008863
 -0.028104	 -1.801278
 -0.027680	 -1.617160
 -0.027821	 -1.427174
 -0.027821	 -1.234460
 -0.027468	 -1.043998
 -0.027398	 -0.861107
 -0.027257	 -0.685925
 -0.027186	 -0.499692
 -0.026974	 -0.316256
 -0.026833	 -0.162835
  0.000494	  0.021898
  0.000353	  0.206630
  0.000494	  0.386997
  0.000353	  0.539872
  0.000494	  0.728766
  0.000494	  0.913771
  0.000565	  1.084860
  0.028598	  1.253016
  0.028740	  1.466809
  0.028881	  1.624868
  0.028881	  1.838184
  0.029022	  2.018823
  0.029163	  2.225590
  0.033259	  2.390949
  0.036224	  2.599625
  0.038484	  2.789065
  0.040602	  3.019298
  0.043286	  3.213513
  0.045898	  3.428329
  0.048511	  3.600510
  0.051265	  3.815463
  0.053736	  4.028028
  0.056208	  4.246937
  0.058962	  4.442994
  0.061433	  4.690418
  0.063764	  4.885997
  0.066941	  5.090512
  0.069342	  5.315630
  0.072590	  5.535903
  0.074991	  5.759929
  0.078239	  5.982317
  0.080781	  6.228718
  0.083535	  6.449128
  0.085936	  6.524236
  0.083888	  6.411950
  0.082264	  6.255937
  0.080499	  6.133555
  0.078804	  6.009809
  0.077462	  5.864574
  0.075485	  5.723160
  0.073579	  5.603916
  0.072166	  5.448380
  0.070189	  5.321496
  0.068565	  5.202798
  0.067224	  5.082190
  0.065811	  4.931634
  0.063693	  4.824942
  0.062281	  4.664700
  0.060515	  4.551596
  0.058891	  4.424370
  0.057408	  4.296872
  0.055925	  4.162893
  0.054301	  4.050335
  0.053030	  3.910830
  0.051194	  3.804889
  0.049782	  3.674253
  0.048229	  3.554327
  0.046675	  3.414072
  0.045404	  3.312769
  0.043851	  3.183702
  0.042438	  3.057500
  0.040744	  2.933822
  0.039473	  2.820513
  0.037778	  2.709114
  0.036507	  2.587210
  0.034671	  2.469194
  0.032906	  2.358000
  0.030081	  2.237460
  0.029799	  2.130563
  0.029728	  2.018277
  0.029446	  1.909130
  0.029446	  1.797663
  0.029304	  1.694723
  0.029446	  1.593488
  0.029375	  1.483181
  0.029304	  1.382424
  0.029163	  1.262907
  0.029234	  1.161400
  0.029304	  1.052866
  0.029022	  0.950267
  0.028951	  0.857969
  0.028881	  0.746093
  0.028740	  0.643426
  0.028881	  0.554129
  0.028598	  0.438228
  0.028669	  0.348181
  0.028528	  0.234258
  0.028175	  0.141824
  0.001130	  0.031312
  0.001130	 -0.058462
  0.001130	 -0.172044
  0.001130	 -0.268435
  0.001059	 -0.391431
  0.001059	 -0.485025
  0.001130	 -0.588306
  0.001059	 -0.701274
  0.001130	 -0.810694
  0.001130	 -0.915681
  0.001059	 -1.017939
  0.001059	 -1.133635
 -0.026904	 -1.241828
 -0.027115	 -1.333376
 -0.027115	 -1.462443
 -0.027115	 -1.563882
 -0.027257	 -1.690220
 -0.027257	 -1.797867
 -0.027398	 -1.908379
 -0.027398	 -2.017459
 -0.027539	 -2.141682
 -0.027821	 -2.247488
 -0.031070	 -2.384263
 -0.032623	 -2.503234
 -0.034600	 -2.620704
 -0.036013	 -2.738993
 -0.037707	 -2.854281
 -0.039120	 -2.982393
 -0.040602	 -3.113847
 -0.042227	 -3.224632
 -0.043639	 -3.337123
 -0.044910	 -3.473626
 -0.046463	 -3.600714
 -0.048017	 -3.717161
 -0.049641	 -3.832176
 -0.051053	 -3.970248
 -0.053101	 -4.092834
 -0.054513	 -4.224971
 -0.055784	 -4.351310
 -0.057761	 -4.487335
 -0.059456	 -4.616743
 -0.061010	 -4.758021
 -0.062492	 -4.879107
 -0.064470	 -5.034642
 -0.065741	 -5.158457
 -0.068000	 -5.309354
 -0.069554	 -5.458135
 -0.071390	 -5.603370
 -0.073084	 -5.734211
 -0.074991	 -5.893225
 -0.076756	 -6.029592
 -0.078592	 -6.195769
 -0.080499	 -6.324700
 -0.082123	 -6.356421
 -0.078733	 -6.140377
 -0.075768	 -5.865461
 -0.072943	 -5.627656
 -0.069483	 -5.398241
 -0.066800	 -5.154432
 -0.063693	 -4.923585
 -0.060868	 -4.713816
 -0.058326	 -4.452066
 -0.055714	 -4.241752
 -0.052677	 -4.004561
 -0.050065	 -3.807959
 -0.046958	 -3.590482
 -0.044769	 -3.361613
 -0.042085	 -3.132675
 -0.039331	 -2.958994
 -0.036719	 -2.718596
 -0.034177	 -2.536865
 -0.029516	 -2.316865
 -0.028386	 -2.137112
 -0.028104	 -1.916565
 -0.027963	 -1.727331
 -0.027963	 -1.547510
 -0.027751	 -1.356706
 -0.027610	 -1.174839
 -0.027398	 -0.990447
 -0.027539	 -0.814037
 -0.027257	 -0.627736
 -0.027257	 -0.452827
 -0.026974	 -0.290401
 -0.026551	 -0.116925
  0.000494	  0.078791
  0.000565	  0.229006
  0.000565	  0.427518
  0.000565	  0.596833
  0.000494	  0.777609
  0.000565	  0.934168
  0.000282	  1.121220
  0.028669	  1.287806
  0.028740	  1.484954
  0.028740	  1.660068
  0.029022	  1.859195
  0.029022	  2.051704
  0.029304	  2.238824
  0.033118	  2.441156
  0.036224	  2.643694
  0.038625	  2.839341
  0.041520	  3.030486
  0.043568	  3.245643
  0.046322	  3.442382
  0.048793	  3.656721
  0.051759	  3.848412
  0.053736	  4.049380
  0.056420	  4.285889
  0.059032	  4.489245
  0.061928	  4.702288
  0.064399	  4.906599
  0.067365	  5.141402
  0.069907	  5.352126
  0.072731	  5.604734
  0.075556	  5.798881
  0.078380	  6.041325
  0.081629	  6.260712
  0.084312	  6.535014
  0.084877	  6.489377
  0.083041	  6.344278
  0.081487	  6.222442
  0.079793	  6.059403
  0.078098	  5.935315
  0.076262	  5.793765
  0.074638	  5.670087
  0.073014	  5.533175
  0.071178	  5.398445
  0.069695	  5.263102
  0.067930	  5.129805
  0.066447	  5.023455
  0.064682	  4.878834
  0.063340	  4.763410
  0.061857	  4.616402
  0.060092	  4.501388
  0.058538	  4.375458
  0.057055	  4.249529
