 -0.026974	 -0.218295
 -0.023726	 -0.051299
  0.000424	  0.107306
  0.000494	  0.310662
  0.000424	  0.466538
  0.000424	  0.676647
  0.000424	  0.829932
  0.000424	  1.043589
  0.006920	  1.203831
  0.029022	  1.400979
  0.028951	  1.588986
  0.029022	  1.790363
  0.029163	  1.959815
  0.029304	  2.174427
  0.029728	  2.375941
  0.035518	  2.562583
  0.037849	  2.774944
  0.040461	  2.994467
  0.042862	  3.169308
  0.045545	  3.412366
  0.048158	  3.607059
  0.050912	  3.829584
  0.053313	  4.033894
  0.056208	  4.240115
  0.058609	  4.464346
  0.061574	  4.689940
  0.064046	  4.898685
  0.067082	  5.120187
  0.069907	  5.329887
  0.072943	  5.583655
  0.075556	  5.786056
  0.078380	  6.046987
  0.081276	  6.245159
  0.084736	  6.497290
  0.087136	  6.657123
  0.085724	  6.509296
  0.083606	  6.384595
  0.081911	  6.246591
  0.080357	  6.118888
  0.078663	  5.969629
  0.077251	  5.835172
  0.075273	  5.703786
  0.073579	  5.592728
  0.071884	  5.454179
  0.070189	  5.310036
  0.068636	  5.182469
  0.066941	  5.053743
  0.065599	  4.931907
  0.063975	  4.802703
  0.062351	  4.683187
  0.060586	  4.559168
  0.059032	  4.414001
  0.057620	  4.292984
  0.055996	  4.177969
  0.054584	  4.034304
  0.052818	  3.920449
  0.051406	  3.793019
  0.049641	  3.676777
  0.048229	  3.550643
  0.046958	  3.416323
  0.045192	  3.301240
  0.043921	  3.171969
  0.042297	  3.063435
  0.040885	  2.933890
  0.039331	  2.825288
  0.038060	  2.701747
  0.036224	  2.587892
  0.034883	  2.467352
  0.030293	  2.348995
  0.030152	  2.233094
  0.030010	  2.115419
  0.030010	  2.022507
  0.029728	  1.895350
  0.029728	  1.795480
  0.029799	  1.665185
  0.029446	  1.565587
  0.029587	  1.457872
  0.029375	  1.349952
  0.029516	  1.238622
  0.029234	  1.132612
  0.029163	  1.021691
  0.029234	  0.914317
  0.029234	  0.805033
  0.029022	  0.704276
  0.029022	  0.585441
  0.028881	  0.479909
  0.028881	  0.373217
  0.028740	  0.283921
  0.028669	  0.173135
  0.026197	  0.080155
  0.001130	 -0.031312
  0.001130	 -0.132342
  0.001200	 -0.234326
  0.000989	 -0.340063
  0.001130	 -0.431202
  0.001130	 -0.553720
  0.001059	 -0.642812
  0.001200	 -0.763079
  0.000989	 -0.860016
  0.001200	 -0.969368
  0.001130	 -1.086634
  0.001059	 -1.195918
 -0.027115	 -1.286579
 -0.027257	 -1.402548
 -0.027257	 -1.512310
 -0.027398	 -1.632304
 -0.027468	 -1.749979
 -0.027680	 -1.868609
 -0.027398	 -1.978234
 -0.027821	 -2.101980
 -0.027821	 -2.207717
 -0.027963	 -2.343128
 -0.032199	 -2.444363
 -0.033824	 -2.581275
 -0.035448	 -2.700178
 -0.037001	 -2.832110
 -0.038555	 -2.938665
 -0.040108	 -3.062753
 -0.041732	 -3.176471
 -0.043003	 -3.322592
 -0.044627	 -3.429216
 -0.046322	 -3.579021
 -0.047734	 -3.703518
 -0.049570	 -3.839680
 -0.051265	 -3.951556
 -0.052536	 -4.099042
 -0.054372	 -4.210168
 -0.055925	 -4.360655
 -0.057338	 -4.490063
 -0.059315	 -4.623156
 -0.060586	 -4.759795
 -0.062492	 -4.889067
 -0.064046	 -5.023523
 -0.066023	 -5.145223
 -0.067435	 -5.283908
 -0.069271	 -5.409292
 -0.070825	 -5.559029
 -0.072590	 -5.711972
 -0.074355	 -5.863415
 -0.076191	 -6.000736
 -0.078027	 -6.150746
 -0.080005	 -6.288749
 -0.081982	 -6.426958
 -0.083464	 -6.473209
 -0.079722	 -6.232129
 -0.077039	 -5.973858
 -0.073790	 -5.732369
 -0.070966	 -5.477646
 -0.067859	 -5.225787
 -0.064752	 -5.022159
 -0.061786	 -4.770982
 -0.058962	 -4.560532
 -0.056279	 -4.295030
 -0.053666	 -4.091743
 -0.050771	 -3.861987
 -0.048158	 -3.648194
 -0.045051	 -3.434946
 -0.042721	 -3.211535
 -0.040249	 -2.984030
 -0.037496	 -2.779037
 -0.034742	 -2.556989
 -0.030010	 -2.380580
 -0.028316	 -2.162421
 -0.028316	 -1.952925
 -0.028033	 -1.747114
 -0.028104	 -1.559038
 -0.027821	 -1.368644
 -0.027963	 -1.188891
 -0.027539	 -0.987787
 -0.027610	 -0.814992
 -0.027398	 -0.599425
 -0.027257	 -0.419264
 -0.026974	 -0.244218
 -0.019207	 -0.070400
  0.000494	  0.132273
  0.000424	  0.303431
  0.000424	  0.497986
  0.000565	  0.668598
  0.000282	  0.860766
  0.000494	  1.019030
  0.028598	  1.209288
  0.028881	  1.400501
  0.029022	  1.577389
  0.029234	  1.752435
  0.029163	  1.953471
  0.029446	  2.150687
  0.029446	  2.338012
  0.034530	  2.530589
  0.037213	  2.710410
  0.039755	  2.924544
  0.042156	  3.137587
  0.044839	  3.344695
  0.047381	  3.544162
  0.050206	  3.750997
  0.052748	  3.954899
  0.055360	  4.184859
  0.057761	  4.393263
  0.060657	  4.616811
  0.063128	  4.846635
  0.066094	  5.072639
  0.068918	  5.285887
  0.071743	  5.515574
  0.074850	  5.726298
  0.077815	  5.957691
  0.080499	  6.188606
  0.083888	  6.436781
  0.086148	  6.671653
  0.085865	  6.546338
  0.084171	  6.433166
  0.082617	  6.282473
  0.080922	  6.157499
  0.078945	  6.017722
  0.077392	  5.877945
  0.075556	  5.725343
  0.074073	  5.610192
  0.072308	  5.487401
  0.070754	  5.347896
  0.069059	  5.211666
  0.067153	  5.089284
  0.065529	  4.955442
  0.064117	  4.808229
  0.062281	  4.681345
  0.060727	  4.554051
  0.059103	  4.432215
  0.057691	  4.319452
  0.055996	  4.170329
  0.054513	  4.058794
  0.053030	  3.929658
  0.051547	  3.804411
  0.050135	  3.672684
  0.048582	  3.561694
  0.047099	  3.454184
  0.045616	  3.319932
  0.044133	  3.218288
  0.042438	  3.094269
  0.041379	  2.972910
  0.039896	  2.849505
  0.038484	  2.739948
  0.037072	  2.622478
  0.035095	  2.517969
  0.033400	  2.397225
  0.030152	  2.277435
  0.030010	  2.161875
  0.029869	  2.061800
  0.029869	  1.933074
  0.029799	  1.824404
  0.029587	  1.710413
  0.029587	  1.606518
  0.029587	  1.485568
  0.029446	  1.388632
  0.029304	  1.268228
  0.029304	  1.160445
  0.029304	  1.044748
  0.029375	  0.952723
  0.029304	  0.834843
  0.029022	  0.738316
  0.029022	  0.623370
  0.028951	  0.519338
  0.028881	  0.403164
  0.028740	  0.311685
  0.028740	  0.205743
  0.028316	  0.092980
  0.001200	 -0.012347
  0.001271	 -0.116106
  0.000989	 -0.210723
  0.001130	 -0.328262
  0.001130	 -0.429155
  0.001130	 -0.543078
  0.001059	 -0.641857
  0.001059	 -0.754415
  0.001130	 -0.861585
  0.001130	 -0.961250
  0.001271	 -1.077424
 -0.005013	 -1.174975
 -0.027257	 -1.277642
 -0.027398	 -1.397091
 -0.027257	 -1.510058
 -0.027398	 -1.616409
 -0.027680	 -1.733948
 -0.027468	 -1.854215
 -0.027680	 -1.954835
 -0.027610	 -2.072510
 -0.027539	 -2.190594
 -0.027821	 -2.302061
 -0.031776	 -2.414961
 -0.033400	 -2.542323
 -0.035165	 -2.654267
 -0.036648	 -2.784767
 -0.038272	 -2.900327
 -0.039826	 -3.044471
 -0.041238	 -3.146251
 -0.042933	 -3.281935
 -0.044204	 -3.409433
 -0.046040	 -3.543071
 -0.047311	 -3.668181
 -0.048935	 -3.806458
 -0.050771	 -3.919289
 -0.052536	 -4.055656
 -0.053878	 -4.178583
 -0.055431	 -4.321976
 -0.057267	 -4.457524
 -0.059032	 -4.585090
 -0.060586	 -4.725413
 -0.062281	 -4.883609
 -0.063834	 -5.004286
 -0.065458	 -5.146246
 -0.067294	 -5.286910
 -0.068989	 -5.420138
 -0.070542	 -5.550979
 -0.072520	 -5.697919
 -0.074638	 -5.839197
 -0.076191	 -5.999372
 -0.078310	 -6.134510
 -0.080146	 -6.288749
 -0.081982	 -6.420272
 -0.083676	 -6.482350
 -0.080357	 -6.271354
 -0.077462	 -5.982931
 -0.074214	 -5.787420
 -0.071249	 -5.545044
 -0.068283	 -5.301986
 -0.065246	 -5.075914
 -0.062634	 -4.807820
 -0.059809	 -4.582362
 -0.056914	 -4.379142
 -0.054301	 -4.133151
 -0.051265	 -3.915265
 -0.048723	 -3.724665
 -0.046181	 -3.484540
 -0.043639	 -3.296124
 -0.040814	 -3.049723
 -0.038413	 -2.851552
 -0.035730	 -2.632438
 -0.032906	 -2.439451
 -0.028528	 -2.230229
 -0.028245	 -2.043995
 -0.028245	 -1.813898
 -0.028104	 -1.647175
 -0.027963	 -1.418647
 -0.027963	 -1.252197
 -0.027680	 -1.031787
 -0.027751	 -0.868270
 -0.027539	 -0.677603
 -0.027539	 -0.490346
 -0.027045	 -0.294289
 -0.026974	 -0.111603
  0.000424	  0.051709
  0.000424	  0.246537
  0.000494	  0.417353
  0.000565	  0.607543
  0.000565	  0.783749
  0.000353	  0.952587
  0.000424	  1.150417
  0.028881	  1.336991
  0.028881	  1.520086
  0.029163	  1.705296
  0.029304	  1.909880
  0.029163	  2.108802
  0.029587	  2.298719
  0.034530	  2.490819
  0.037213	  2.705908
  0.039755	  2.894188
  0.042438	  3.102046
  0.044698	  3.321365
  0.047099	  3.508144
  0.049923	  3.733124
  0.052324	  3.949237
  0.054937	  4.170602
  0.057620	  4.344283
  0.060233	  4.578951
  0.062916	  4.808980
  0.065952	  5.021749
  0.068636	  5.233155
  0.071319	  5.455953
  0.074002	  5.689665
  0.077251	  5.917647
  0.079651	  6.143651
  0.082900	  6.380365
  0.085724	  6.625948
  0.086289	  6.575057
  0.084736	  6.445035
  0.082758	  6.308328
  0.081205	  6.169096
  0.079369	  6.050603
  0.077957	  5.904345
  0.075838	  5.765932
  0.074426	  5.635569
  0.072590	  5.507866
  0.071178	  5.372113
  0.069271	  5.231790
  0.067647	  5.115753
  0.066094	  4.971678
  0.064258	  4.845544
  0.063057	  4.724458
  0.061151	  4.603918
  0.059668	  4.459434
  0.058114	  4.337734
  0.056561	  4.200959
  0.054866	  4.082465
  0.053383	  3.946030
  0.051901	  3.847252
  0.050559	  3.708293
  0.049076	  3.591778
  0.047240	  3.474035
  0.045687	  3.357656
  0.044698	  3.229476
  0.043145	  3.101773
  0.041309	  2.992080
  0.040249	  2.865127
  0.038484	  2.745133
  0.036931	  2.627936
  0.035095	  2.504940
  0.033541	  2.396542
  0.030010	  2.277571
  0.030152	  2.179339
  0.029799	  2.056002
  0.030010	  1.938259
  0.029728	  1.842140
  0.029657	  1.722965
  0.029587	  1.618660
  0.029799	  1.506716
  0.029375	  1.399546
  0.029587	  1.284464
  0.029163	  1.183980
  0.029304	  1.072785
  0.029304	  0.978577
  0.029163	  0.865610
  0.029304	  0.773857
  0.029022	  0.660480
  0.029093	  0.544715
  0.028881	  0.435977
  0.028881	  0.347090
  0.028740	  0.227846
  0.028457	  0.135207
  0.000918	  0.028310
  0.001200	 -0.079064
  0.001059	 -0.189508
  0.001130	 -0.291288
  0.001059	 -0.392454
  0.001412	 -0.492324
  0.001130	 -0.616480
  0.001059	 -0.714099
  0.001059	 -0.821882
  0.001130	 -0.924822
  0.001130	 -1.050683
  0.000989	 -1.150485
 -0.027257	 -1.257859
 -0.027115	 -1.374374
 -0.027257	 -1.487137
 -0.027257	 -1.604608
 -0.027398	 -1.706797
 -0.027539	 -1.821266
 -0.027539	 -1.952516
 -0.027680	 -2.066985
 -0.027892	 -2.176269
 -0.027963	 -2.288077
 -0.031564	 -2.412028
 -0.033329	 -2.525064
 -0.035024	 -2.656996
 -0.036719	 -2.771260
 -0.038131	 -2.909127
 -0.039473	 -3.013773
 -0.041238	 -3.137041
 -0.042650	 -3.264608
 -0.044204	 -3.382965
 -0.045475	 -3.520627
 -0.047311	 -3.634141
 -0.048864	 -3.756045
 -0.050206	 -3.894526
 -0.051759	 -4.035941
 -0.053595	 -4.153548
 -0.055008	 -4.295781
 -0.056773	 -4.404997
 -0.058326	 -4.551937
 -0.059809	 -4.683323
 -0.061504	 -4.818803
 -0.063199	 -4.948347
 -0.065176	 -5.092832
 -0.066800	 -5.216919
 -0.068706	 -5.381186
 -0.070119	 -5.512778
 -0.071884	 -5.651873
 -0.073790	 -5.796152
 -0.075485	 -5.951551
 -0.077462	 -6.081164
 -0.079298	 -6.238064
 -0.081276	 -6.379547
 -0.082900	 -6.517346
 -0.081346	 -6.349190
 -0.078169	 -6.057834
 -0.075344	 -5.820097
 -0.071743	 -5.586793
 -0.069130	 -5.342439
 -0.066023	 -5.089421
 -0.063057	 -4.881290
 -0.060092	 -4.644030
 -0.057550	 -4.410522
 -0.054513	 -4.170875
 -0.051830	 -3.945348
 -0.049005	 -3.708430
 -0.046534	 -3.505278
 -0.043780	 -3.270202
 -0.041026	 -3.075509
 -0.038555	 -2.846709
 -0.035518	 -2.665933
 -0.032694	 -2.424921
 -0.028528	 -2.230297
 -0.028386	 -2.019642
 -0.028104	 -1.834636
 -0.028104	 -1.663547
 -0.027963	 -1.444229
 -0.027680	 -1.263999
 -0.027892	 -1.090727
 -0.027821	 -0.903334
 -0.027398	 -0.699500
 -0.027257	 -0.533732
 -0.027257	 -0.349273
 -0.026833	 -0.158332
  0.000494	  0.015690
  0.000353	  0.182686
  0.000494	  0.384132
  0.000494	  0.536597
  0.000494	  0.738452
  0.000494	  0.923321
  0.000353	  1.117331
  0.029022	  1.269456
  0.029022	  1.464489
  0.029234	  1.669755
  0.029163	  1.872702
  0.029375	  2.043654
  0.029446	  2.260926
  0.033259	  2.450843
  0.036648	  2.650925
  0.038767	  2.861102
  0.041732	  3.073053
  0.044133	  3.275181
  0.046958	  3.479356
  0.049147	  3.696833
  0.052042	  3.916834
  0.054584	  4.101430
  0.057126	  4.354311
  0.060162	  4.537679
  0.062704	  4.778213
  0.065599	  4.987163
  0.068353	  5.242296
  0.071037	  5.462365
  0.073861	  5.701944
  0.076827	  5.922354
  0.079793	  6.146789
  0.082900	  6.354920
  0.085583	  6.632360
  0.086713	  6.631882
  0.084736	  6.467206
  0.083323	  6.345847
  0.081064	  6.199930
  0.079793	  6.080141
  0.077886	  5.923105
  0.076121	  5.803520
  0.074708	  5.678955
  0.073014	  5.536790
  0.071460	  5.421980
  0.069766	  5.275177
  0.068212	  5.154568
  0.066306	  5.018065
  0.064823	  4.890158
  0.063269	  4.751268
  0.061433	  4.635094
  0.059950	  4.505071
  0.058397	  4.379142
  0.057055	  4.236159
  0.055502	  4.128785
  0.053736	  4.002992
  0.052465	  3.872288
  0.050630	  3.740969
  0.049358	  3.629093
  0.047805	  3.500640
  0.046534	  3.379076
  0.044839	  3.260992
  0.043286	  3.149389
  0.041944	  3.018480
  0.040461	  2.897871
  0.039049	  2.786541
  0.037425	  2.675551
  0.035518	  2.552010
  0.033824	  2.434676
  0.030293	  2.321913
  0.030010	  2.201373
  0.030010	  2.092839
  0.029869	  1.973595
  0.029869	  1.865607
  0.029869	  1.744044
  0.029728	  1.630326
  0.029446	  1.532570
  0.029446	  1.421239
  0.029516	  1.313456
  0.029163	  1.189028
  0.029375	  1.095638
  0.029163	  0.974621
  0.029304	  0.880686
  0.029163	  0.768059
  0.029022	  0.667234
  0.028881	  0.551946
  0.029022	  0.445937
  0.028740	  0.333242
  0.028598	  0.244082
  0.028528	  0.122382
  0.001271	  0.037588
  0.001130	 -0.063101
  0.001059	 -0.177160
  0.001130	 -0.268572
  0.001059	 -0.388088
  0.001200	 -0.479704
  0.001059	 -0.597447
  0.001059	 -0.699773
  0.001059	 -0.809262
  0.001059	 -0.902720
  0.001271	 -1.022509
  0.001130	 -1.124221
 -0.027115	 -1.231595
 -0.027257	 -1.337264
 -0.027398	 -1.465308
 -0.027539	 -1.569271
 -0.027680	 -1.694177
 -0.027398	 -1.806736
 -0.027680	 -1.921750
 -0.027539	 -2.028033
 -0.027680	 -2.158600
 -0.027892	 -2.274161
 -0.030929	 -2.402545
 -0.032906	 -2.503166
 -0.034600	 -2.631483
 -0.036154	 -2.752910
 -0.037849	 -2.891186
 -0.039331	 -2.996991
 -0.040955	 -3.142840
 -0.042509	 -3.254102
 -0.044062	 -3.396745
 -0.045898	 -3.512305
 -0.046958	 -3.649353
 -0.048440	 -3.775965
 -0.050559	 -3.892275
 -0.051830	 -4.011383
 -0.053525	 -4.147954
 -0.055290	 -4.273405
 -0.056702	 -4.415025
 -0.058114	 -4.557189
 -0.059950	 -4.689053
 -0.061928	 -4.822623
 -0.063622	 -4.965538
 -0.064964	 -5.101359
 -0.067082	 -5.245229
 -0.068494	 -5.393875
 -0.070401	 -5.527990
 -0.072096	 -5.664902
 -0.074073	 -5.819141
 -0.075626	 -5.943161
 -0.077180	 -6.087508
 -0.079298	 -6.214393
 -0.080852	 -6.368564
 -0.082688	 -6.517482
 -0.081699	 -6.375317
 -0.078592	 -6.090646
 -0.075273	 -5.878490
 -0.072378	 -5.630248
 -0.069342	 -5.396603
 -0.066588	 -5.132534
 -0.063764	 -4.912397
 -0.060515	 -4.684824
 -0.057832	 -4.456364
 -0.055149	 -4.199526
 -0.052112	 -4.008449
 -0.049500	 -3.790563
 -0.046746	 -3.574997
 -0.044486	 -3.340261
 -0.041591	 -3.116167
 -0.038978	 -2.896916
 -0.036507	 -2.695471
 -0.033471	 -2.491092
 -0.028669	 -2.280914
 -0.028386	 -2.067394
 -0.028386	 -1.873520
 -0.028104	 -1.667982
 -0.027963	 -1.497984
 -0.027821	 -1.278597
 -0.027680	 -1.091136
 -0.027680	 -0.906676
 -0.027468	 -0.714235
 -0.027257	 -0.537894
 -0.027115	 -0.364621
 -0.026974	 -0.154103
  0.000494	 -0.004229
  0.000494	  0.190122
  0.000494	  0.365849
  0.000494	  0.550241
  0.000494	  0.728629
  0.000424	  0.939489
  0.000424	  1.095638
  0.028881	  1.302269
  0.029022	  1.470561
  0.028951	  1.682989
  0.029163	  1.861855
  0.029304	  2.074557
  0.029304	  2.237869
  0.033612	  2.467557
  0.036366	  2.661771
  0.038837	  2.858646
  0.041732	  3.042833
  0.043921	  3.245370
  0.046675	  3.460733
  0.048935	  3.683257
  0.051901	  3.874402
  0.054019	  4.096313
  0.056985	  4.299737
  0.059315	  4.522194
  0.062139	  4.741922
  0.064752	  4.957216
  0.067930	  5.164119
  0.070189	  5.410110
  0.073296	  5.628338
  0.076262	  5.838447
  0.079228	  6.086690
  0.082194	  6.313580
  0.085300	  6.553637
  0.087419	  6.653712
  0.085512	  6.502679
  0.083606	  6.381661
  0.081911	  6.226126
  0.080075	  6.109202
  0.078380	  5.954143
  0.076544	  5.824190
  0.074991	  5.675953
  0.073014	  5.564077
  0.071743	  5.426346
  0.070189	  5.294277
  0.068353	  5.155728
  0.066517	  5.042010
  0.065176	  4.889135
  0.063622	  4.766685
  0.061574	  4.630387
  0.060092	  4.519875
  0.058679	  4.377096
  0.057267	  4.262627
  0.055431	  4.129262
  0.054019	  4.000331
  0.052324	  3.886954
  0.051053	  3.755568
  0.049147	  3.630935
  0.047946	  3.507188
  0.046252	  3.393334
  0.044839	  3.278046
  0.043286	  3.133221
  0.041874	  3.027825
  0.040037	  2.908991
  0.038978	  2.795682
  0.037354	  2.685920
  0.036154	  2.554807
  0.034177	  2.458825
  0.030434	  2.326006
  0.030010	  2.234867
  0.030010	  2.102321
  0.029940	  1.996584
  0.029869	  1.880956
  0.029728	  1.779858
  0.029728	  1.656180
  0.029587	  1.548669
  0.029446	  1.450505
  0.029587	  1.349611
  0.029163	  1.229412
  0.029304	  1.129815
  0.029375	  1.004978
  0.029234	  0.913498
  0.029234	  0.793708
  0.029163	  0.695817
  0.029022	  0.571593
  0.028881	  0.474656
  0.028740	  0.369670
  0.028669	  0.254928
  0.028598	  0.145917
  0.015747	  0.052391
  0.001059	 -0.053073
  0.000918	 -0.152534
  0.001059	 -0.273483
  0.001200	 -0.375127
  0.001271	 -0.487686
  0.001059	 -0.582849
  0.001059	 -0.695407
  0.001200	 -0.799575
  0.001059	 -0.912407
  0.000989	 -1.021827
  0.000918	 -1.138410
 -0.027115	 -1.236712
 -0.027398	 -1.360390
 -0.027398	 -1.462238
 -0.027327	 -1.589054
 -0.027539	 -1.688379
 -0.027398	 -1.823244
 -0.027680	 -1.934097
 -0.027680	 -2.061800
 -0.027680	 -2.160920
 -0.027963	 -2.299537
 -0.031352	 -2.402273
 -0.033188	 -2.544506
 -0.034883	 -2.645058
 -0.036295	 -2.755502
 -0.038272	 -2.882727
 -0.039543	 -3.000675
 -0.040814	 -3.131789
 -0.042509	 -3.262425
 -0.044062	 -3.391697
 -0.045475	 -3.512850
 -0.047028	 -3.637961
 -0.048864	 -3.753589
 -0.050276	 -3.889137
 -0.051547	 -4.013770
 -0.053313	 -4.139699
 -0.054654	 -4.258534
 -0.056632	 -4.386510
 -0.058044	 -4.522399
 -0.059738	 -4.659515
 -0.061433	 -4.789947
 -0.063340	 -4.932726
 -0.064823	 -5.062066
 -0.066447	 -5.207437
 -0.068283	 -5.347692
 -0.069836	 -5.490812
 -0.071531	 -5.625541
 -0.073579	 -5.783055
 -0.075203	 -5.908438
 -0.077321	 -6.049443
 -0.079157	 -6.191403
 -0.080852	 -6.356285
 -0.082829	 -6.492924
 -0.082405	 -6.381184
 -0.079157	 -6.129871
 -0.075980	 -5.867166
 -0.072943	 -5.634272
 -0.069342	 -5.401788
 -0.066588	 -5.164937
 -0.063975	 -4.915944
 -0.060868	 -4.680867
 -0.057832	 -4.448929
 -0.055360	 -4.220537
 -0.052465	 -3.985324
 -0.049429	 -3.793565
 -0.046887	 -3.540751
 -0.044062	 -3.349948
 -0.041662	 -3.106139
 -0.039261	 -2.917791
 -0.036436	 -2.707818
 -0.033612	 -2.498323
 -0.028457	 -2.317069
 -0.028386	 -2.099251
 -0.028245	 -1.921614
 -0.027963	 -1.707548
 -0.027963	 -1.513265
 -0.027821	 -1.318845
 -0.027821	 -1.145164
 -0.027680	 -0.930552
 -0.027398	 -0.768741
 -0.027680	 -0.570911
 -0.027257	 -0.411896
 -0.027115	 -0.213861
  0.000494	 -0.048230
  0.000494	  0.160788
  0.000565	  0.317006
  0.000565	  0.523090
  0.000565	  0.681286
  0.000494	  0.877548
  0.000424	  1.069443
  0.028881	  1.258951
  0.028740	  1.423423
  0.029163	  1.624322
  0.029022	  1.809737
  0.029234	  2.034991
  0.029587	  2.219041
  0.032835	  2.409708
  0.035801	  2.615111
  0.038625	  2.832997
  0.041026	  3.010294
  0.043709	  3.245370
  0.045969	  3.442382
  0.048793	  3.660541
  0.051194	  3.851413
  0.054019	  4.092493
  0.056985	  4.280841
  0.059244	  4.526014
  0.062139	  4.706653
  0.065105	  4.948893
  0.067788	  5.157365
  0.070613	  5.401106
  0.073438	  5.619197
  0.076121	  5.875216
  0.079510	  6.077617
  0.082194	  6.310715
  0.084736	  6.559709
  0.086854	  6.635839
  0.085300	  6.509705
  0.083888	  6.377227
  0.082194	  6.242089
  0.080357	  6.123527
  0.078663	  5.980407
  0.076968	  5.848680
  0.075273	  5.716270
  0.073720	  5.585565
  0.072025	  5.453906
  0.070331	  5.346395
  0.068777	  5.203207
  0.067365	  5.091195
  0.065599	  4.952713
  0.063975	  4.828626
  0.062492	  4.681959
  0.060868	  4.573630
  0.059386	  4.428941
  0.057691	  4.311471
  0.056067	  4.167464
  0.054584	  4.050949
  0.053101	  3.919426
  0.051547	  3.807822
  0.049853	  3.668386
  0.048440	  3.557465
  0.046887	  3.434742
  0.045475	  3.313042
  0.043851	  3.192570
  0.042438	  3.079261
  0.041167	  2.942827
  0.039684	  2.833747
  0.038060	  2.710615
  0.036507	  2.608153
  0.034671	  2.485566
  0.032623	  2.362775
  0.030152	  2.241075
  0.029869	  2.131041
  0.029799	  2.016504
  0.029869	  1.915474
  0.029587	  1.791046
  0.029728	  1.678282
  0.029657	  1.558152
  0.029446	  1.463534
  0.029587	  1.335627
  0.029304	  1.232277
  0.029446	  1.116035
  0.029234	  1.017052
  0.029304	  0.911179
  0.029022	  0.798347
  0.029093	  0.682241
  0.029093	  0.582439
  0.029022	  0.489868
  0.028881	  0.371511
  0.028881	  0.281260
  0.028669	  0.163312
  0.027045	  0.065762
  0.001130	 -0.036496
  0.001130	 -0.141687
  0.000918	 -0.244764
  0.001130	 -0.348386
  0.000989	 -0.449006
  0.001059	 -0.544647
  0.001130	 -0.672145
  0.000989	 -0.767035
  0.001130	 -0.896034
  0.001130	 -0.999247
  0.001130	 -1.107440
 -0.012781	 -1.213518
 -0.027257	 -1.326895
 -0.027398	 -1.431404
 -0.027398	 -1.566474
 -0.027539	 -1.665935
 -0.027398	 -1.794456
 -0.027821	 -1.896714
 -0.027680	 -2.027146
 -0.027680	 -2.123878
 -0.027821	 -2.248170
 -0.028104	 -2.379011
 -0.032694	 -2.498050
 -0.034177	 -2.601945
 -0.035871	 -2.724600
 -0.037425	 -2.856600
 -0.039120	 -2.975639
 -0.040532	 -3.089562
 -0.042227	 -3.218970
 -0.043498	 -3.332893
 -0.045051	 -3.473830
 -0.046605	 -3.587890
 -0.048511	 -3.728213
 -0.049853	 -3.849366
 -0.051477	 -3.976728
 -0.053101	 -4.116096
 -0.054513	 -4.262286
 -0.056349	 -4.370547
 -0.058044	 -4.511961
 -0.059597	 -4.635639
 -0.061151	 -4.772551
 -0.062775	 -4.919833
 -0.064328	 -5.038326
 -0.066235	 -5.195840
 -0.067930	 -5.314265
 -0.069554	 -5.465094
 -0.071743	 -5.590204
 -0.072943	 -5.744512
 -0.074920	 -5.856320
 -0.076544	 -6.013424
 -0.078169	 -6.157022
 -0.080287	 -6.299801
 -0.081982	 -6.436713
 -0.082970	 -6.468093
 -0.080005	 -6.198225
 -0.076756	 -5.945821
 -0.073790	 -5.737076
 -0.071107	 -5.461205
 -0.068141	 -5.242569
 -0.064964	 -4.993030
 -0.062281	 -4.781147
 -0.059315	 -4.520352
 -0.056490	 -4.300965
 -0.053595	 -4.068344
 -0.050630	 -3.864170
 -0.047805	 -3.630321
 -0.045051	 -3.430649
 -0.042509	 -3.187386
 -0.039967	 -2.984303
 -0.037284	 -2.774262
 -0.034318	 -2.579365
 -0.029375	 -2.348108
 -0.028528	 -2.165695
 -0.028245	 -1.960156
 -0.027963	 -1.767647
 -0.028245	 -1.538573
 -0.027751	 -1.360390
 -0.027821	 -1.167403
 -0.027680	 -0.984580
 -0.027539	 -0.789684
 -0.027327	 -0.625075
 -0.027257	 -0.424926
 -0.027257	 -0.236032
 -0.023302	 -0.052527
  0.000353	  0.121359
  0.000706	  0.296745
  0.000635	  0.483934
  0.000282	  0.661435
  0.000565	  0.839892
  0.000494	  1.002522
  0.000494	  1.192507
  0.028881	  1.366529
  0.028951	  1.588918
  0.029022	  1.757960
  0.029234	  1.980076
  0.029446	  2.161738
  0.029446	  2.370347
  0.034953	  2.555489
  0.037778	  2.773989
  0.040179	  2.955310
  0.042721	  3.165897
  0.045263	  3.385557
  0.048017	  3.569198
  0.050418	  3.778284
  0.053383	  4.028914
  0.055784	  4.233907
  0.058679	  4.466938
  0.061080	  4.678480
  0.064328	  4.911510
  0.066941	  5.095697
  0.070048	  5.333434
  0.072378	  5.569671
  0.075556	  5.784555
  0.078098	  6.008445
  0.081205	  6.259484
  0.084171	  6.466114
  0.087560	  6.707331
  0.086148	  6.586859
  0.084312	  6.450766
  0.082758	  6.299118
  0.081064	  6.179192
  0.079510	  6.031775
  0.077533	  5.904481
  0.075838	  5.767706
  0.073861	  5.615786
  0.072661	  5.486991
  0.070331	  5.351239
  0.068918	  5.220603
  0.067365	  5.080280
  0.065670	  4.966766
  0.063975	  4.830468
  0.062775	  4.699150
  0.060868	  4.571038
  0.059315	  4.459707
  0.057691	  4.320475
  0.056420	  4.194000
  0.054654	  4.058248
  0.053313	  3.939550
  0.051618	  3.818737
  0.050347	  3.687487
  0.048723	  3.580659
  0.046958	  3.452615
  0.045475	  3.336986
  0.044274	  3.210375
  0.043003	  3.096111
  0.041450	  2.974070
  0.039967	  2.857896
  0.038202	  2.755979
  0.036931	  2.640010
  0.035377	  2.517560
  0.033259	  2.408822
  0.030152	  2.285007
  0.030010	  2.166377
  0.029869	  2.054023
  0.029869	  1.941124
  0.029587	  1.828565
  0.029587	  1.713483
  0.029587	  1.609042
  0.029587	  1.500849
  0.029446	  1.386790
  0.029163	  1.270957
  0.029446	  1.151713
  0.029304	  1.058460
  0.029304	  0.943445
  0.028951	  0.839892
  0.029234	  0.715804
  0.029022	  0.624939
  0.028881	  0.511903
  0.028881	  0.396070
  0.028810	  0.300020
  0.028598	  0.186370
  0.027468	  0.084931
  0.001059	 -0.024558
  0.001059	 -0.132410
  0.001200	 -0.235896
  0.000918	 -0.343406
  0.001200	 -0.452690
  0.001059	 -0.568182
  0.001059	 -0.670917
  0.001130	 -0.780338
  0.001130	 -0.884369
  0.000918	 -1.000475
  0.000989	 -1.111738
 -0.017653	 -1.229685
 -0.027398	 -1.329078
 -0.027398	 -1.450505
 -0.027468	 -1.557128
 -0.027398	 -1.685036
 -0.027398	 -1.798959
 -0.027539	 -1.909130
 -0.027821	 -2.021279
 -0.027821	 -2.130904
 -0.027821	 -2.259426
 -0.028104	 -2.369597
 -0.032906	 -2.488090
 -0.034459	 -2.596760
 -0.035942	 -2.714367
 -0.037142	 -2.835453
 -0.038978	 -2.972024
 -0.040532	 -3.081444
 -0.041944	 -3.218288
 -0.043498	 -3.328323
 -0.045051	 -3.460937
 -0.046605	 -3.577657
 -0.048017	 -3.712659
 -0.049570	 -3.821875
 -0.050982	 -3.957559
 -0.052960	 -4.086217
 -0.054443	 -4.218763
 -0.055784	 -4.359223
 -0.057620	 -4.489654
 -0.059032	 -4.619131
 -0.061010	 -4.750858
 -0.062845	 -4.885519
 -0.064258	 -5.028707
 -0.065882	 -5.181719
 -0.067788	 -5.315766
 -0.069413	 -5.449335
 -0.071390	 -5.599686
 -0.072943	 -5.726025
 -0.074920	 -5.886199
 -0.076756	 -6.006534
 -0.078592	 -6.179329
 -0.080287	 -6.306145
 -0.082546	 -6.466524
 -0.083394	 -6.464204
 -0.080005	 -6.228991
 -0.077180	 -5.961920
 -0.073932	 -5.707947
 -0.071037	 -5.469937
 -0.067647	 -5.223059
 -0.064682	 -5.013836
 -0.061928	 -4.757134
 -0.059174	 -4.552823
 -0.056137	 -4.310038
 -0.053313	 -4.104158
 -0.050418	 -3.867376
 -0.048017	 -3.640008
 -0.044839	 -3.415436
 -0.042721	 -3.210921
 -0.040179	 -2.990920
 -0.037707	 -2.785381
 -0.035024	 -2.588370
 -0.031423	 -2.382558
 -0.028528	 -2.194619
 -0.028386	 -1.971207
 -0.028386	 -1.787225
 -0.027892	 -1.588508
 -0.027963	 -1.395112
 -0.027751	 -1.197282
 -0.027610	 -1.014596
 -0.027539	 -0.811650
 -0.027468	 -0.639196
 -0.027257	 -0.451940
 -0.027115	 -0.251722
 -0.026551	 -0.071219
  0.000353	  0.099393
  0.000424	  0.281942
  0.000424	  0.449688
  0.000494	  0.661162
  0.000424	  0.819836
  0.000565	  1.023533
  0.027892	  1.210380
  0.028881	  1.412235
  0.029022	  1.594239
  0.029022	  1.798822
  0.029304	  1.970866
  0.029446	  2.176064
  0.030364	  2.362024
  0.035306	  2.581002
  0.037919	  2.781561
  0.040814	  2.978709
  0.043286	  3.175789
  0.046040	  3.391014
  0.047946	  3.602283
  0.050912	  3.845546
  0.053242	  4.035600
  0.056420	  4.243117
  0.058679	  4.466801
  0.061716	  4.674591
  0.064399	  4.886133
  0.067012	  5.136354
  0.069624	  5.350488
  0.073014	  5.573423
  0.075415	  5.818050
  0.078522	  6.025499
  0.081346	  6.240997
  0.084312	  6.495789
  0.087701	  6.705966
  0.086007	  6.566599
  0.084312	  6.428868
  0.082476	  6.309010
  0.081064	  6.165140
  0.079087	  6.037369
  0.077533	  5.905163
  0.075838	  5.772685
  0.074144	  5.636933
  0.072661	  5.491903
  0.070754	  5.359630
  0.069271	  5.235201
  0.067788	  5.098698
  0.066023	  4.988527
  0.064540	  4.845612
  0.063057	  4.725686
  0.061433	  4.604941
  0.059597	  4.488972
  0.058256	  4.337666
  0.056702	  4.220264
  0.055149	  4.089628
  0.053595	  3.975091
  0.051689	  3.849298
  0.050347	  3.728622
  0.048793	  3.597372
  0.047381	  3.475808
  0.045828	  3.359362
  0.044274	  3.242846
  0.043003	  3.097134
  0.041591	  2.985258
  0.039755	  2.870926
  0.038625	  2.762255
  0.037072	  2.625002
  0.035236	  2.525951
  0.033541	  2.400363
  0.030152	  2.296331
  0.030152	  2.156690
  0.029728	  2.062141
  0.029869	  1.941055
  0.029587	  1.834023
  0.029657	  1.716484
  0.029516	  1.607200
  0.029375	  1.492527
  0.029587	  1.376284
  0.029304	  1.274504
  0.029304	  1.167812
  0.029446	  1.049796
  0.029304	  0.938193
  0.029163	  0.845895
  0.029163	  0.730471
  0.028881	  0.636672
  0.028881	  0.532504
  0.028881	  0.417285
  0.028740	  0.322054
  0.028740	  0.210996
  0.028316	  0.104645
  0.000918	  0.020192
  0.001059	 -0.098165
  0.001059	 -0.197489
  0.001130	 -0.302680
  0.001130	 -0.411828
  0.001130	 -0.524523
  0.001200	 -0.630123
  0.001130	 -0.733200
  0.001130	 -0.850874
  0.001200	 -0.963297
  0.001130	 -1.073127
 -0.001836	 -1.174156
 -0.027257	 -1.289989
 -0.027398	 -1.394771
 -0.027186	 -1.502964
 -0.027327	 -1.624050
 -0.027398	 -1.745954
 -0.027680	 -1.863629
 -0.027539	 -1.980280
 -0.027821	 -2.106892
 -0.027963	 -2.204238
 -0.028104	 -2.344015
 -0.031988	 -2.443885
 -0.033753	 -2.588165
 -0.035518	 -2.694720
 -0.037213	 -2.812327
 -0.038837	 -2.934504
 -0.040108	 -3.056408
 -0.041662	 -3.192707
 -0.043498	 -3.313792
 -0.044557	 -3.448522
 -0.046322	 -3.565651
 -0.047734	 -3.706724
 -0.049358	 -3.834290
 -0.051265	 -3.952443
 -0.052818	 -4.087240
 -0.054089	 -4.222993
 -0.055996	 -4.341691
 -0.057338	 -4.480104
 -0.059386	 -4.599007
 -0.060798	 -4.742809
 -0.062210	 -4.872831
 -0.064046	 -4.996372
 -0.065599	 -5.149179
 -0.067294	 -5.286910
 -0.068918	 -5.408678
 -0.070542	 -5.549342
 -0.072520	 -5.678273
 -0.074214	 -5.850590
 -0.076191	 -5.975359
 -0.077886	 -6.120662
 -0.079793	 -6.269444
 -0.081840	 -6.409153
 -0.083253	 -6.553706
 -0.081134	 -6.281450
 -0.078169	 -6.050398
 -0.074920	 -5.797789
 -0.071955	 -5.571103
 -0.068565	 -5.333434
 -0.066094	 -5.078097
 -0.062775	 -4.855913
 -0.060162	 -4.610399
 -0.057196	 -4.365294
 -0.054513	 -4.158050
 -0.051689	 -3.924201
 -0.048864	 -3.710885
 -0.046463	 -3.476491
 -0.043639	 -3.259150
 -0.040673	 -3.070734
 -0.038555	 -2.850119
 -0.035589	 -2.635303
 -0.032764	 -2.444363
 -0.028386	 -2.227568
 -0.028386	 -2.017322
 -0.028104	 -1.833067
 -0.028104	 -1.622822
 -0.027680	 -1.429835
 -0.027821	 -1.233847
 -0.027680	 -1.047886
 -0.027610	 -0.852853
 -0.027468	 -0.663482
 -0.027257	 -0.477658
 -0.027115	 -0.294562
 -0.026762	 -0.119517
  0.000424	  0.069445
  0.000353	  0.259294
  0.000565	  0.433794
  0.000424	  0.604132
  0.000565	  0.781634
  0.000353	  0.981852
  0.000494	  1.156829
  0.028881	  1.336036
  0.029022	  1.542734
  0.028881	  1.716825
  0.029022	  1.904832
  0.029163	  2.111599
  0.029446	  2.306973
  0.034389	  2.484884
  0.036789	  2.678553
  0.039614	  2.912879
