  0.074850	  5.701262
  0.073649	  5.565987
  0.071884	  5.441286
  0.069977	  5.311536
  0.068424	  5.173260
  0.066729	  5.052379
  0.065388	  4.909941
  0.063410	  4.793358
  0.061928	  4.653922
  0.060374	  4.536315
  0.058821	  4.394218
  0.057267	  4.273542
  0.055502	  4.142360
  0.053948	  4.031575
  0.052536	  3.894526
  0.050982	  3.787152
  0.049358	  3.649149
  0.048017	  3.533111
  0.046605	  3.396199
  0.045051	  3.289985
  0.043709	  3.159076
  0.041944	  3.035875
  0.040532	  2.906740
  0.038837	  2.807074
  0.037425	  2.669821
  0.035730	  2.568996
  0.033753	  2.445045
  0.029940	  2.331054
  0.030152	  2.210173
  0.029940	  2.099865
  0.029869	  1.977279
  0.029799	  1.854761
  0.029799	  1.737427
  0.029728	  1.639876
  0.029587	  1.525953
  0.029516	  1.421376
  0.029234	  1.295993
  0.029375	  1.195645
  0.029234	  1.080221
  0.029375	  0.980624
  0.029093	  0.854695
  0.029234	  0.759668
  0.028951	  0.644517
  0.028951	  0.535097
  0.028881	  0.442662
  0.028810	  0.333651
  0.028810	  0.223548
  0.028245	  0.118084
  0.000847	  0.016099
  0.001200	 -0.094754
  0.001059	 -0.192168
  0.001059	 -0.299338
  0.000847	 -0.409031
  0.000989	 -0.526501
  0.000918	 -0.623847
  0.000989	 -0.737634
  0.000989	 -0.842757
  0.001200	 -0.948630
  0.001200	 -1.061052
 -0.027327	 -1.180978
 -0.027186	 -1.289853
 -0.027539	 -1.397841
 -0.027398	 -1.508899
 -0.027751	 -1.620366
 -0.027610	 -1.728013
 -0.027680	 -1.863356
 -0.027751	 -1.978097
 -0.027821	 -2.095295
 -0.028033	 -2.209559
 -0.028175	 -2.327643
 -0.031846	 -2.440543
 -0.033753	 -2.575204
 -0.035518	 -2.682919
 -0.037072	 -2.806529
 -0.038343	 -2.940234
 -0.040037	 -3.056613
 -0.041732	 -3.190114
 -0.043286	 -3.311882
 -0.044698	 -3.450909
 -0.046252	 -3.584206
 -0.048087	 -3.702085
 -0.049500	 -3.833267
 -0.051124	 -3.960083
 -0.052889	 -4.108251
 -0.054513	 -4.229951
 -0.056137	 -4.363589
 -0.058114	 -4.502888
 -0.059597	 -4.641438
 -0.061363	 -4.778964
 -0.063057	 -4.920106
 -0.064399	 -5.054767
 -0.066376	 -5.199933
 -0.067930	 -5.327295
 -0.069554	 -5.455066
 -0.071460	 -5.607259
 -0.073226	 -5.728617
 -0.074991	 -5.886677
 -0.076474	 -6.015812
 -0.078875	 -6.171006
 -0.080499	 -6.327633
 -0.082194	 -6.481463
 -0.083676	 -6.472595
 -0.080357	 -6.219031
 -0.077109	 -6.007830
 -0.074426	 -5.747036
 -0.071460	 -5.511072
 -0.068141	 -5.269515
 -0.065246	 -5.024887
 -0.062139	 -4.804068
 -0.059950	 -4.570696
 -0.056843	 -4.338007
 -0.053948	 -4.107842
 -0.050912	 -3.905305
 -0.048370	 -3.666271
 -0.045616	 -3.430239
 -0.043145	 -3.222245
 -0.040179	 -3.020253
 -0.037849	 -2.796569
 -0.034812	 -2.577318
 -0.031846	 -2.380921
 -0.028598	 -2.178588
 -0.028386	 -1.990376
 -0.028175	 -1.776925
 -0.028316	 -1.589054
 -0.028033	 -1.387472
 -0.028033	 -1.181797
 -0.027751	 -1.003613
 -0.027610	 -0.817789
 -0.027610	 -0.623029
 -0.027327	 -0.432157
 -0.027186	 -0.233440
 -0.026621	 -0.061396
  0.000212	  0.128248
  0.000494	  0.296200
  0.000424	  0.491983
  0.000565	  0.648406
  0.000424	  0.859811
  0.000494	  1.033902
  0.004802	  1.204649
  0.028951	  1.388700
  0.028881	  1.585848
  0.029093	  1.790227
  0.029234	  1.970184
  0.029234	  2.171971
  0.029587	  2.358000
  0.035165	  2.546075
  0.037849	  2.745269
  0.040108	  2.975434
  0.042650	  3.172378
  0.045475	  3.371982
  0.047734	  3.593483
  0.050630	  3.785924
  0.052818	  4.011314
  0.055572	  4.224766
  0.058114	  4.406770
  0.060798	  4.650784
  0.063481	  4.860143
  0.066306	  5.079598
  0.068989	  5.309012
  0.071955	  5.556641
  0.074779	  5.769547
  0.077745	  5.996302
  0.080781	  6.243044
  0.084029	  6.459702
  0.086642	  6.702828
  0.086077	  6.588223
  0.084382	  6.443330
  0.082829	  6.296731
  0.080993	  6.188879
  0.079440	  6.026045
  0.077745	  5.901070
  0.075768	  5.769752
  0.074073	  5.631407
  0.072449	  5.488970
  0.070966	  5.373614
  0.069130	  5.230972
  0.067294	  5.103269
  0.065882	  4.954146
  0.064399	  4.820167
  0.062563	  4.703243
  0.061080	  4.564966
  0.059315	  4.443062
  0.057691	  4.302875
  0.056067	  4.188952
  0.054513	  4.056338
  0.053101	  3.932660
  0.051689	  3.801683
  0.049641	  3.679369
  0.048511	  3.553849
  0.046816	  3.430239
  0.045333	  3.309495
  0.044133	  3.195640
  0.042368	  3.073190
  0.040955	  2.944464
  0.039402	  2.831974
  0.038131	  2.714231
  0.036154	  2.600853
  0.034883	  2.483383
  0.031352	  2.364139
  0.030081	  2.255128
  0.029940	  2.134383
  0.029728	  2.034991
  0.029799	  1.918203
  0.029799	  1.799232
  0.029657	  1.695814
  0.029657	  1.583528
  0.029516	  1.458145
  0.029375	  1.349543
  0.029375	  1.245921
  0.029516	  1.130907
  0.029234	  1.028990
  0.029093	  0.926459
  0.029093	  0.798893
  0.029093	  0.708505
  0.029022	  0.583053
  0.028810	  0.482706
  0.028951	  0.367760
  0.028810	  0.276348
  0.028810	  0.161129
  0.021749	  0.064943
  0.001059	 -0.053892
  0.000989	 -0.146735
  0.000989	 -0.267548
  0.001059	 -0.364212
  0.001059	 -0.484752
  0.000918	 -0.577187
  0.000918	 -0.693906
  0.000918	 -0.796710
  0.001200	 -0.912407
  0.001130	 -1.031650
  0.001200	 -1.135887
 -0.027468	 -1.253016
 -0.027468	 -1.367757
 -0.027468	 -1.472948
 -0.027610	 -1.593011
 -0.027468	 -1.699293
 -0.027751	 -1.819492
 -0.027610	 -1.941942
 -0.027751	 -2.058253
 -0.027892	 -2.166173
 -0.028175	 -2.298514
 -0.030575	 -2.412574
 -0.033118	 -2.520289
 -0.034883	 -2.644376
 -0.036366	 -2.774671
 -0.038060	 -2.886888
 -0.039473	 -3.016706
 -0.040955	 -3.146933
 -0.042721	 -3.260992
 -0.043851	 -3.389787
 -0.045828	 -3.507598
 -0.047240	 -3.636528
 -0.048652	 -3.778011
 -0.050418	 -3.903531
 -0.051971	 -4.015544
 -0.053595	 -4.157709
 -0.055149	 -4.297281
 -0.057267	 -4.430987
 -0.058538	 -4.563124
 -0.060586	 -4.704743
 -0.061998	 -4.842611
 -0.063693	 -4.973793
 -0.065458	 -5.112001
 -0.067153	 -5.265694
 -0.068918	 -5.387940
 -0.070613	 -5.551525
 -0.072449	 -5.673293
 -0.074285	 -5.829579
 -0.076121	 -5.962603
 -0.077957	 -6.109065
 -0.079934	 -6.249047
 -0.081487	 -6.419454
 -0.083606	 -6.563051
 -0.081487	 -6.341277
 -0.078380	 -6.109133
 -0.075556	 -5.838447
 -0.072166	 -5.621038
 -0.069342	 -5.364200
 -0.066447	 -5.155114
 -0.063693	 -4.886338
 -0.060586	 -4.683118
 -0.057691	 -4.413592
 -0.055219	 -4.195774
 -0.052042	 -3.985187
 -0.049570	 -3.755022
 -0.047028	 -3.559921
 -0.044133	 -3.308676
 -0.041450	 -3.124489
 -0.038625	 -2.913902
 -0.036436	 -2.689740
 -0.033400	 -2.482837
 -0.028740	 -2.303289
 -0.028457	 -2.083016
 -0.028457	 -1.886891
 -0.028245	 -1.688242
 -0.028316	 -1.487274
 -0.027892	 -1.301314
 -0.028033	 -1.121083
 -0.027751	 -0.929256
 -0.027751	 -0.731767
 -0.027468	 -0.549900
 -0.027468	 -0.357390
 -0.027327	 -0.161743
  0.000494	 -0.004502
  0.000353	  0.200354
  0.000353	  0.371239
  0.000353	  0.547103
  0.000353	  0.728015
  0.000282	  0.914999
  0.000494	  1.112693
  0.028810	  1.280644
  0.028810	  1.472744
  0.029022	  1.676031
  0.029234	  1.857080
  0.029446	  2.061323
  0.029516	  2.248306
  0.033753	  2.454800
  0.036436	  2.646422
  0.038837	  2.872563
  0.041520	  3.071826
  0.044062	  3.269451
  0.046605	  3.481675
  0.049076	  3.700653
  0.051830	  3.903668
  0.054443	  4.123191
  0.057196	  4.345784
  0.059950	  4.575949
  0.062492	  4.772620
  0.065599	  4.997805
  0.068424	  5.208324
  0.071178	  5.470278
  0.073649	  5.684481
  0.077180	  5.904618
  0.079722	  6.119434
  0.082405	  6.353283
  0.085230	  6.611076
  0.087066	  6.667969
  0.085371	  6.517755
  0.083747	  6.378046
  0.081911	  6.236836
  0.080146	  6.094739
  0.078451	  5.958373
  0.076756	  5.828078
  0.074779	  5.697442
  0.073226	  5.571649
  0.071672	  5.437466
  0.070189	  5.293459
  0.068212	  5.168962
  0.066306	  5.040577
  0.065176	  4.890636
  0.063410	  4.779373
  0.061786	  4.648259
  0.060303	  4.512848
  0.058538	  4.387192
  0.057055	  4.269722
  0.055572	  4.134515
  0.053807	  4.010905
  0.052465	  3.873720
  0.050982	  3.750929
  0.049005	  3.625136
  0.047876	  3.505756
  0.046181	  3.376007
  0.044627	  3.268155
  0.043356	  3.124148
  0.041662	  3.022846
  0.040108	  2.883000
  0.038555	  2.784835
  0.037142	  2.646286
  0.035236	  2.542323
  0.033612	  2.411209
  0.030010	  2.310657
  0.029940	  2.189776
  0.029869	  2.077627
  0.029799	  1.967319
  0.029587	  1.855920
  0.029799	  1.724943
  0.029799	  1.631485
  0.029516	  1.504942
  0.029516	  1.408278
  0.029446	  1.290126
  0.029446	  1.176476
  0.029234	  1.068692
  0.029234	  0.958658
  0.029163	  0.866292
  0.029022	  0.747184
  0.029234	  0.653385
  0.028810	  0.535915
  0.029093	  0.433180
  0.028951	  0.331468
  0.028810	  0.224844
  0.028598	  0.109284
  0.000847	  0.024217
  0.001271	 -0.093185
  0.001130	 -0.193396
  0.000847	 -0.304113
  0.001200	 -0.410259
  0.001130	 -0.522545
  0.000918	 -0.616343
  0.001200	 -0.741386
  0.000989	 -0.849306
  0.001059	 -0.965070
  0.000989	 -1.075173
  0.001200	 -1.176953
 -0.027468	 -1.287465
 -0.027610	 -1.404731
 -0.027468	 -1.513401
 -0.027751	 -1.631281
 -0.027468	 -1.751070
 -0.027610	 -1.873520
 -0.027892	 -1.987034
 -0.027963	 -2.106755
 -0.027892	 -2.215494
 -0.028033	 -2.357454
 -0.032270	 -2.463395
 -0.034106	 -2.586459
 -0.035659	 -2.706113
 -0.037213	 -2.837840
 -0.038767	 -2.958585
 -0.040320	 -3.080353
 -0.042156	 -3.203349
 -0.043568	 -3.334394
 -0.045404	 -3.463052
 -0.046534	 -3.594302
 -0.048229	 -3.727121
 -0.049782	 -3.862464
 -0.051336	 -3.987779
 -0.053030	 -4.121622
 -0.054443	 -4.246118
 -0.056420	 -4.376141
 -0.057832	 -4.522057
 -0.059597	 -4.651329
 -0.061080	 -4.772210
 -0.062845	 -4.915194
 -0.064682	 -5.067250
 -0.066306	 -5.184857
 -0.068212	 -5.343803
 -0.069766	 -5.482762
 -0.071743	 -5.618514
 -0.073296	 -5.774391
 -0.074991	 -5.902708
 -0.077109	 -6.044259
 -0.078875	 -6.194746
 -0.080781	 -6.338753
 -0.082758	 -6.480372
 -0.083464	 -6.492787
 -0.080146	 -6.202864
 -0.076968	 -5.990776
 -0.073579	 -5.740078
 -0.071037	 -5.482216
 -0.068000	 -5.244342
 -0.064823	 -5.025706
 -0.061574	 -4.778077
 -0.058962	 -4.562169
 -0.056349	 -4.310106
 -0.053525	 -4.108797
 -0.050559	 -3.877199
 -0.048158	 -3.645192
 -0.045475	 -3.425464
 -0.042650	 -3.225383
 -0.040179	 -2.983757
 -0.037637	 -2.792680
 -0.034671	 -2.583662
 -0.030858	 -2.368641
 -0.028598	 -2.156145
 -0.028598	 -1.957018
 -0.028316	 -1.751343
 -0.028316	 -1.580663
 -0.028033	 -1.373215
 -0.028033	 -1.170745
 -0.027821	 -0.975439
 -0.027610	 -0.783885
 -0.027468	 -0.588988
 -0.027468	 -0.428882
 -0.027186	 -0.224162
 -0.007556	 -0.055802
  0.000424	  0.133911
  0.000353	  0.319189
  0.000424	  0.516064
  0.000424	  0.689541
  0.000282	  0.887507
  0.000424	  1.062416
  0.026409	  1.239509
  0.028881	  1.423968
  0.028810	  1.587758
  0.028951	  1.803325
  0.029234	  1.971139
  0.029234	  2.170539
  0.029516	  2.375873
  0.035236	  2.585914
  0.038131	  2.763483
  0.040532	  2.981847
  0.043215	  3.155938
  0.045898	  3.379759
  0.047876	  3.601874
  0.050559	  3.821466
  0.053313	  4.024821
  0.056349	  4.249120
  0.058609	  4.443676
  0.061080	  4.686052
  0.064187	  4.884905
  0.066870	  5.123871
  0.069413	  5.353763
  0.072378	  5.577584
  0.075485	  5.805975
  0.078169	  6.033821
  0.080993	  6.256755
  0.084382	  6.486375
  0.087066	  6.712243
  0.085795	  6.562710
  0.084382	  6.428527
  0.082688	  6.284247
  0.080711	  6.159682
  0.078875	  6.008035
  0.077039	  5.878286
  0.075485	  5.751129
  0.073932	  5.611829
  0.072166	  5.478532
  0.070472	  5.353354
  0.068848	  5.218693
  0.067153	  5.091877
  0.065458	  4.950053
  0.064117	  4.814028
  0.062281	  4.691782
  0.060727	  4.566740
  0.059103	  4.435626
  0.057550	  4.308401
  0.055855	  4.168146
  0.054443	  4.048084
  0.052818	  3.920449
  0.051689	  3.799704
  0.049782	  3.681484
  0.048299	  3.548733
  0.046958	  3.428943
  0.045333	  3.321706
  0.043921	  3.205532
  0.042509	  3.065413
  0.041097	  2.951286
  0.039614	  2.829654
  0.038202	  2.725896
  0.036295	  2.592122
  0.034600	  2.485702
  0.030222	  2.351655
  0.030081	  2.249398
  0.030081	  2.125788
  0.029657	  2.024076
  0.029799	  1.900534
  0.029799	  1.793092
  0.029516	  1.680806
  0.029728	  1.565656
  0.029516	  1.451051
  0.029375	  1.345518
  0.029234	  1.232687
  0.029375	  1.132476
  0.029234	  1.006751
  0.029304	  0.913089
  0.029093	  0.798484
  0.029022	  0.685106
  0.029093	  0.570570
  0.028951	  0.479636
  0.028951	  0.353502
  0.028669	  0.262978
  0.028386	  0.139300
  0.010168	  0.047206
  0.001059	 -0.057985
  0.000989	 -0.169315
  0.001059	 -0.282693
  0.001059	 -0.387815
  0.001130	 -0.501329
  0.000989	 -0.596629
  0.000989	 -0.709324
  0.001059	 -0.830341
  0.000989	 -0.941672
  0.000989	 -1.042906
  0.001059	 -1.169177
 -0.027468	 -1.271639
 -0.027468	 -1.390064
 -0.027468	 -1.486524
 -0.027468	 -1.612862
 -0.027610	 -1.726103
 -0.027610	 -1.824950
 -0.027892	 -1.949310
 -0.027610	 -2.062073
 -0.027892	 -2.193459
 -0.027821	 -2.309293
 -0.031564	 -2.429969
 -0.033400	 -2.548872
 -0.035236	 -2.677871
 -0.036789	 -2.792680
 -0.038767	 -2.912948
 -0.039896	 -3.040787
 -0.041450	 -3.168831
 -0.043215	 -3.285687
 -0.044415	 -3.423349
 -0.045898	 -3.546072
 -0.047593	 -3.674798
 -0.049358	 -3.793224
 -0.050630	 -3.941869
 -0.052395	 -4.071960
 -0.054160	 -4.191204
 -0.055714	 -4.319520
 -0.057338	 -4.453704
 -0.058891	 -4.598529
 -0.060657	 -4.721730
 -0.062210	 -4.846840
 -0.063975	 -5.002034
 -0.065458	 -5.140447
 -0.067647	 -5.277632
 -0.069201	 -5.405199
 -0.071037	 -5.555141
 -0.072731	 -5.698943
 -0.074426	 -5.846633
 -0.076403	 -5.982863
 -0.078522	 -6.140309
 -0.080216	 -6.287112
 -0.081911	 -6.448719
 -0.084453	 -6.542177
 -0.081064	 -6.283838
 -0.077674	 -6.054764
 -0.074850	 -5.775619
 -0.071955	 -5.554049
 -0.068494	 -5.292913
 -0.065670	 -5.079461
 -0.062492	 -4.810890
 -0.059738	 -4.584135
 -0.056702	 -4.365226
 -0.054301	 -4.130354
 -0.051477	 -3.891047
 -0.048511	 -3.701062
 -0.046110	 -3.466736
 -0.043286	 -3.255535
 -0.040885	 -3.050951
 -0.038060	 -2.860693
 -0.035659	 -2.648878
 -0.032694	 -2.435153
 -0.028598	 -2.243940
 -0.028598	 -2.045564
 -0.028457	 -1.827951
 -0.028175	 -1.649972
 -0.028033	 -1.466331
 -0.028033	 -1.250150
 -0.027892	 -1.071830
 -0.027892	 -0.884096
 -0.027610	 -0.707004
 -0.027468	 -0.494917
 -0.027468	 -0.321781
 -0.027045	 -0.139300
  0.000353	  0.045569
  0.000424	  0.236168
  0.000424	  0.396547
  0.000565	  0.586805
  0.000353	  0.762533
  0.000282	  0.975712
  0.000424	  1.150076
  0.028951	  1.342926
  0.028881	  1.512992
  0.028951	  1.706524
  0.029093	  1.889756
  0.029375	  2.111326
  0.029375	  2.285621
  0.034177	  2.511693
  0.036860	  2.709592
  0.039826	  2.899304
  0.042227	  3.091813
  0.044627	  3.333575
  0.047169	  3.532293
  0.049853	  3.754203
  0.052536	  3.937435
  0.055290	  4.171148
  0.057550	  4.395583
  0.060939	  4.613400
  0.063481	  4.817916
  0.066094	  5.060565
  0.069130	  5.272107
  0.071672	  5.520895
  0.074779	  5.720772
  0.077533	  5.936066
  0.080216	  6.193245
  0.082970	  6.412359
  0.085795	  6.651734
  0.086783	  6.627994
  0.085159	  6.489649
  0.083253	  6.377910
  0.081699	  6.237859
  0.080005	  6.102039
  0.078310	  5.960010
  0.076474	  5.826509
  0.075203	  5.688301
  0.073084	  5.582973
  0.071672	  5.435283
  0.069836	  5.313447
  0.068353	  5.155182
  0.066729	  5.040918
  0.064893	  4.910419
  0.063552	  4.773506
  0.061857	  4.654877
  0.060303	  4.515099
  0.058397	  4.371093
  0.057055	  4.265083
  0.055431	  4.124896
  0.054019	  4.000877
  0.052324	  3.868809
  0.050700	  3.759183
  0.049147	  3.608559
  0.047593	  3.503846
  0.046322	  3.363591
  0.044557	  3.257513
  0.043074	  3.130970
  0.041520	  3.006337
  0.040108	  2.896712
  0.038555	  2.770714
  0.037001	  2.639191
  0.035589	  2.526565
  0.033471	  2.401591
  0.030081	  2.303562
  0.030081	  2.172790
  0.029940	  2.072988
  0.029799	  1.941328
  0.029799	  1.833681
  0.029657	  1.716348
  0.029728	  1.619820
  0.029516	  1.501395
  0.029657	  1.388154
  0.029516	  1.291490
  0.029375	  1.179614
  0.029375	  1.073468
  0.029234	  0.959067
  0.029375	  0.853330
  0.029093	  0.742341
  0.029093	  0.640151
  0.029093	  0.523363
  0.029022	  0.420287
  0.028810	  0.321167
  0.028881	  0.220137
  0.028528	  0.101985
  0.001130	  0.007231
  0.000989	 -0.096800
  0.000918	 -0.201991
  0.000989	 -0.311412
  0.001130	 -0.428064
  0.000989	 -0.537757
  0.000918	 -0.648065
  0.000847	 -0.760418
  0.000989	 -0.867247
  0.001059	 -0.981988
  0.000989	 -1.080426
  0.000918	 -1.206628
 -0.027327	 -1.309227
 -0.027468	 -1.422877
 -0.027398	 -1.543349
 -0.027610	 -1.653451
 -0.027610	 -1.757892
 -0.027539	 -1.899443
 -0.027892	 -2.003611
 -0.027892	 -2.130836
 -0.028033	 -2.242167
 -0.028175	 -2.380238
 -0.032835	 -2.490478
 -0.034530	 -2.621796
 -0.036083	 -2.727192
 -0.037496	 -2.855099
 -0.039049	 -2.981574
 -0.040602	 -3.105047
 -0.042156	 -3.234387
 -0.043851	 -3.353427
 -0.044980	 -3.491908
 -0.046675	 -3.607809
 -0.048440	 -3.753248
 -0.050206	 -3.879314
 -0.051547	 -4.002173
 -0.053171	 -4.130626
 -0.055008	 -4.243867
 -0.056420	 -4.393263
 -0.057973	 -4.523081
 -0.059527	 -4.654740
 -0.061574	 -4.789265
 -0.062916	 -4.930270
 -0.064611	 -5.067250
 -0.066376	 -5.196386
 -0.068071	 -5.340461
 -0.069836	 -5.477987
 -0.071955	 -5.619879
 -0.073438	 -5.752834
 -0.075273	 -5.914100
 -0.077392	 -6.041871
 -0.078945	 -6.202864
 -0.080781	 -6.344824
 -0.082335	 -6.483851
 -0.083323	 -6.472186
 -0.079793	 -6.206820
 -0.077109	 -5.958919
 -0.073649	 -5.727730
 -0.070895	 -5.467959
 -0.067365	 -5.234587
 -0.064540	 -5.012335
 -0.061998	 -4.743218
 -0.059315	 -4.523899
 -0.056279	 -4.280909
 -0.053101	 -4.085671
 -0.050347	 -3.852436
 -0.047805	 -3.635642
 -0.045122	 -3.414959
 -0.042721	 -3.190524
 -0.040037	 -2.970591
 -0.037354	 -2.763961
 -0.034247	 -2.552897
 -0.029446	 -2.335283
 -0.028740	 -2.130700
 -0.028457	 -1.931710
 -0.028316	 -1.726239
 -0.027892	 -1.536186
 -0.028175	 -1.331670
 -0.027892	 -1.159217
 -0.027892	 -0.966094
 -0.027751	 -0.766080
 -0.027468	 -0.572548
 -0.027468	 -0.413465
 -0.027327	 -0.212088
 -0.010945	 -0.033358
  0.000494	  0.143734
  0.000494	  0.306159
  0.000424	  0.482706
  0.000424	  0.677193
  0.000424	  0.850670
  0.000424	  1.055322
  0.004237	  1.226820
  0.028951	  1.398182
  0.028810	  1.598059
  0.029234	  1.785179
  0.029234	  1.951970
  0.029446	  2.167605
  0.029587	  2.340809
  0.035448	  2.546007
  0.037566	  2.764029
  0.040532	  2.970114
  0.042791	  3.178586
  0.045616	  3.373619
  0.047946	  3.591300
  0.050630	  3.817782
  0.053242	  4.020660
  0.055784	  4.239706
  0.058891	  4.444835
  0.061151	  4.693351
  0.063834	  4.885724
  0.066870	  5.124280
  0.069836	  5.359834
  0.072661	  5.591841
  0.075485	  5.806248
  0.078451	  6.037096
  0.081417	  6.256073
  0.084594	  6.506635
  0.087207	  6.718928
  0.086218	  6.576081
  0.084382	  6.446673
  0.082405	  6.274560
  0.080993	  6.164662
  0.079016	  6.016767
  0.077462	  5.889746
  0.075344	  5.755836
  0.074144	  5.617286
  0.072237	  5.488356
  0.070825	  5.350488
  0.069130	  5.211393
  0.067294	  5.096652
  0.065458	  4.953532
  0.064046	  4.824669
  0.062281	  4.690827
  0.060939	  4.558417
  0.059103	  4.443949
  0.057691	  4.301238
  0.056349	  4.182131
  0.054513	  4.060158
  0.053383	  3.943370
  0.051477	  3.816827
  0.050065	  3.693490
  0.048440	  3.570972
  0.047169	  3.441495
  0.045475	  3.301718
  0.043921	  3.199324
  0.042085	  3.069302
  0.040955	  2.953741
  0.039261	  2.836339
  0.037990	  2.714640
  0.036295	  2.585027
  0.034671	  2.478130
  0.030222	  2.353907
  0.030152	  2.250489
  0.029869	  2.134383
  0.030010	  2.009682
  0.029869	  1.889620
  0.029799	  1.779449
  0.029657	  1.679783
  0.029657	  1.568657
  0.029375	  1.443956
  0.029516	  1.331124
  0.029375	  1.217815
  0.029516	  1.109827
  0.029234	  0.995973
  0.029234	  0.904493
  0.029093	  0.783612
  0.029093	  0.674465
  0.029093	  0.570092
  0.028951	  0.460808
  0.029093	  0.345043
  0.028669	  0.251586
  0.028386	  0.142370
  0.000847	  0.037315
  0.000989	 -0.069650
  0.000989	 -0.172522
  0.001059	 -0.284466
  0.001059	 -0.385769
  0.001059	 -0.500510
  0.001059	 -0.616616
  0.000989	 -0.718055
  0.000989	 -0.823792
  0.001059	 -0.940717
  0.001200	 -1.046385
  0.001059	 -1.161604
 -0.027186	 -1.267955
 -0.027398	 -1.381878
 -0.027398	 -1.481271
 -0.027539	 -1.604198
 -0.027751	 -1.714438
 -0.027468	 -1.837092
 -0.027751	 -1.950742
 -0.027892	 -2.054092
 -0.027892	 -2.195233
 -0.028175	 -2.306018
 -0.031564	 -2.411346
 -0.033400	 -2.533591
 -0.035095	 -2.657610
 -0.036366	 -2.785176
 -0.038202	 -2.901282
 -0.039614	 -3.041333
 -0.041309	 -3.174424
 -0.042721	 -3.296465
 -0.044415	 -3.422053
 -0.045969	 -3.536386
 -0.047805	 -3.675208
 -0.049217	 -3.816554
 -0.050841	 -3.938254
 -0.052465	 -4.057429
 -0.054301	 -4.209281
 -0.055855	 -4.345443
 -0.057479	 -4.479490
 -0.059103	 -4.608762
 -0.060868	 -4.747720
 -0.062492	 -4.880403
 -0.064117	 -5.034438
 -0.066094	 -5.155455
 -0.067647	 -5.314538
 -0.069624	 -5.449949
 -0.071319	 -5.580790
 -0.073155	 -5.725888
 -0.074708	 -5.864506
 -0.076686	 -6.006807
 -0.078380	 -6.165208
 -0.080499	 -6.296390
 -0.082194	 -6.464545
 -0.084171	 -6.559913
 -0.080781	 -6.299255
 -0.078098	 -6.053536
 -0.074567	 -5.805634
 -0.071884	 -5.555550
 -0.068706	 -5.335617
 -0.066094	 -5.079734
 -0.063269	 -4.858369
 -0.060162	 -4.642393
 -0.057620	 -4.410522
 -0.054231	 -4.183700
 -0.051759	 -3.973454
 -0.048935	 -3.741242
 -0.046252	 -3.517489
 -0.043851	 -3.276546
 -0.041309	 -3.074554
 -0.038555	 -2.864991
 -0.035942	 -2.657610
 -0.032976	 -2.441566
 -0.028881	 -2.243258
 -0.028316	 -2.050476
 -0.028457	 -1.854624
 -0.028316	 -1.629916
 -0.028245	 -1.468241
 -0.027963	 -1.260724
 -0.027892	 -1.047068
 -0.027751	 -0.865405
 -0.027892	 -0.688790
 -0.027468	 -0.484820
 -0.027327	 -0.298110
 -0.027045	 -0.113923
  0.000565	  0.049935
  0.000353	  0.238488
  0.000494	  0.410805
  0.000282	  0.609658
  0.000424	  0.797665
  0.000353	  0.995359
  0.000494	  1.153759
  0.028810	  1.363118
  0.028951	  1.542393
  0.029093	  1.742066
  0.029093	  1.916634
  0.029587	  2.135066
  0.029587	  2.304381
  0.034742	  2.511761
  0.037142	  2.730057
  0.039826	  2.938938
  0.042227	  3.109004
  0.045051	  3.348447
  0.047452	  3.529359
  0.050488	  3.753794
  0.052607	  3.964244
  0.055431	  4.209076
  0.057973	  4.412501
  0.060868	  4.647509
  0.063552	  4.831491
  0.065882	  5.067114
  0.069059	  5.272107
  0.071672	  5.480442
  0.074355	  5.733665
  0.077462	  5.939204
  0.080146	  6.215825
  0.083464	  6.403354
  0.086077	  6.659920
  0.086501	  6.633656
  0.085089	  6.488558
  0.083394	  6.355057
  0.081558	  6.220191
  0.080005	  6.085394
  0.078027	  5.956054
  0.076333	  5.824735
  0.074638	  5.684822
  0.072943	  5.541838
  0.071390	  5.397695
  0.069483	  5.279406
  0.068000	  5.129669
  0.066306	  5.002103
  0.064893	  4.873649
  0.063269	  4.737624
  0.061363	  4.619472
  0.059950	  4.480104
  0.058114	  4.353220
  0.056773	  4.229405
  0.055008	  4.106614
  0.053736	  3.967519
  0.051901	  3.835177
  0.050418	  3.716070
  0.048793	  3.588435
  0.047381	  3.468032
  0.045757	  3.344627
  0.044274	  3.239163
  0.042791	  3.093178
  0.041450	  2.981438
  0.039755	  2.859124
  0.038413	  2.743768
  0.036719	  2.611086
  0.035024	  2.504258
  0.031917	  2.394360
  0.030081	  2.278117
  0.030081	  2.157645
  0.029940	  2.036764
  0.029940	  1.932665
  0.029799	  1.817855
  0.029799	  1.701272
  0.029516	  1.596626
  0.029516	  1.488365
  0.029516	  1.369258
  0.029446	  1.266182
  0.029516	  1.156624
  0.029516	  1.040314
  0.029375	  0.944742
  0.029234	  0.825975
  0.029093	  0.725423
  0.029093	  0.612250
  0.028951	  0.506513
  0.028951	  0.410532
  0.028810	  0.298110
  0.028598	  0.191691
  0.028386	  0.082134
  0.000918	 -0.003138
  0.001130	 -0.116652
  0.000918	 -0.219864
  0.001059	 -0.328194
  0.001059	 -0.443481
  0.001059	 -0.546966
  0.001130	 -0.663345
  0.001059	 -0.775085
  0.001130	 -0.882186
  0.001130	 -0.998838
  0.001130	 -1.094274
  0.000918	 -1.226343
 -0.027186	 -1.318027
 -0.027539	 -1.445457
 -0.027468	 -1.548328
 -0.027610	 -1.667231
 -0.027751	 -1.787976
 -0.027751	 -1.902035
 -0.027751	 -2.026532
 -0.027892	 -2.139363
 -0.027892	 -2.245850
 -0.028175	 -2.390403
 -0.032835	 -2.487476
 -0.034530	 -2.630391
 -0.036224	 -2.739539
 -0.037637	 -2.884774
 -0.039331	 -2.993035
 -0.040673	 -3.136291
 -0.042438	 -3.248099
 -0.043921	 -3.365569
 -0.045404	 -3.503573
 -0.047240	 -3.630594
 -0.048793	 -3.751748
 -0.050206	 -3.903940
 -0.052324	 -4.018818
 -0.053595	 -4.150410
 -0.055149	 -4.291892
 -0.056843	 -4.415775
 -0.058467	 -4.562374
 -0.060021	 -4.697990
 -0.061786	 -4.814164
 -0.063269	 -4.962127
 -0.065105	 -5.099653
 -0.067012	 -5.223468
 -0.068636	 -5.358811
 -0.070331	 -5.488424
 -0.072166	 -5.636728
 -0.073720	 -5.783055
 -0.075556	 -5.924946
 -0.077321	 -6.060221
 -0.079228	 -6.228309
 -0.080922	 -6.357171
 -0.083041	 -6.506704
 -0.083041	 -6.431665
 -0.079651	 -6.159068
 -0.076686	 -5.917511
 -0.073155	 -5.692394
 -0.070472	 -5.462774
 -0.066941	 -5.205186
 -0.064540	 -4.963355
 -0.061504	 -4.717227
 -0.058467	 -4.512098
 -0.055714	 -4.273474
 -0.053242	 -4.048629
 -0.050065	 -3.828492
 -0.047664	 -3.598600
 -0.044980	 -3.370890
 -0.042156	 -3.189296
 -0.039614	 -2.960563
 -0.036931	 -2.762119
 -0.034106	 -2.521517
 -0.028881	 -2.326688
 -0.028740	 -2.132337
 -0.028457	 -1.913837
 -0.028175	 -1.708844
 -0.028175	 -1.516676
 -0.028033	 -1.334399
 -0.028033	 -1.143390
 -0.027751	 -0.944537
 -0.027610	 -0.765398
 -0.027468	 -0.550582
 -0.027398	 -0.370284
 -0.027327	 -0.173681
  0.000494	 -0.025718
  0.000424	  0.170680
  0.000424	  0.351183
  0.000282	  0.506377
  0.000424	  0.713144
  0.000494	  0.886007
  0.000353	  1.089158
  0.028810	  1.248309
  0.028881	  1.449140
  0.028951	  1.636260
  0.029093	  1.814922
  0.029375	  2.012752
  0.029234	  2.212083
  0.032976	  2.412846
  0.036013	  2.622342
  0.038696	  2.808029
  0.041238	  3.034238
  0.043709	  3.219243
  0.046322	  3.437607
  0.048723	  3.663952
  0.051336	  3.867853
  0.054231	  4.070391
  0.056985	  4.294075
  0.059386	  4.528197
  0.062351	  4.751404
  0.064682	  4.945414
  0.067718	  5.202525
  0.070542	  5.413044
  0.073438	  5.632908
  0.076191	  5.870304
  0.079228	  6.109884
  0.082405	  6.312967
  0.085089	  6.589451
  0.087772	  6.703784
  0.085795	  6.552819
  0.084100	  6.433575
  0.082264	  6.270876
  0.080993	  6.157636
  0.078875	  6.011446
  0.077180	  5.877399
  0.075626	  5.745944
  0.073861	  5.612170
  0.072378	  5.465639
  0.070613	  5.341347
  0.068989	  5.213440
  0.067153	  5.084646
  0.065529	  4.940093
  0.063764	  4.806114
  0.062210	  4.670567
  0.060586	  4.552960
  0.058821	  4.403973
  0.057267	  4.293393
  0.055714	  4.152865
  0.054513	  4.022980
  0.052677	  3.919016
  0.051336	  3.779444
  0.049853	  3.663952
  0.048158	  3.547164
  0.046605	  3.427920
  0.045192	  3.294828
  0.043780	  3.172378
  0.042085	  3.054976
  0.040814	  2.942281
  0.039120	  2.824060
  0.037707	  2.716823
  0.036013	  2.588097
  0.034459	  2.478062
  0.030364	  2.357590
  0.030152	  2.243531
  0.030081	  2.108392
  0.029799	  2.013366
  0.029799	  1.886891
  0.029799	  1.784974
  0.029799	  1.669550
  0.029657	  1.545736
  0.029516	  1.441841
  0.029516	  1.343199
  0.029446	  1.213518
  0.029375	  1.106007
  0.029304	  0.992425
  0.029234	  0.899718
  0.029093	  0.779587
  0.029163	  0.670099
  0.028951	  0.560132
  0.028951	  0.464833
  0.028810	  0.347840
  0.028528	  0.239716
  0.028386	  0.133979
  0.000989	  0.030902
  0.001130	 -0.074425
  0.000918	 -0.184937
  0.001059	 -0.289719
  0.000918	 -0.397161
  0.001059	 -0.508628
  0.000989	 -0.611568
  0.000989	 -0.723240
  0.000918	 -0.832183
  0.001130	 -0.955997
  0.001271	 -1.067328
  0.001059	 -1.171701
 -0.027327	 -1.276005
 -0.027610	 -1.373897
 -0.027468	 -1.510399
 -0.027610	 -1.604608
 -0.027539	 -1.729786
 -0.027610	 -1.836888
 -0.027751	 -1.957632
 -0.027680	 -2.067258
 -0.028033	 -2.193596
 -0.028033	 -2.315091
 -0.031846	 -2.433175
 -0.033541	 -2.551805
 -0.035377	 -2.672277
 -0.036789	 -2.797183
 -0.038202	 -2.923248
 -0.039755	 -3.033965
 -0.041379	 -3.172992
 -0.043003	 -3.275932
 -0.044345	 -3.418097
 -0.045969	 -3.529018
 -0.047734	 -3.659450
 -0.048935	 -3.798886
 -0.050771	 -3.922700
 -0.052183	 -4.057156
 -0.054301	 -4.186769
 -0.055643	 -4.318020
 -0.057408	 -4.477921
 -0.059103	 -4.610535
 -0.060727	 -4.743559
 -0.062422	 -4.871467
 -0.064258	 -5.014518
 -0.065952	 -5.149998
 -0.067788	 -5.290184
 -0.069483	 -5.428461
 -0.071319	 -5.591432
 -0.072873	 -5.725888
 -0.074991	 -5.874534
 -0.076544	 -6.002510
 -0.078380	 -6.175099
 -0.080357	 -6.299187
 -0.082194	 -6.453972
 -0.084171	 -6.514958
 -0.080781	 -6.266033
 -0.077957	 -6.037505
 -0.074426	 -5.788375
 -0.071743	 -5.527990
 -0.068494	 -5.284318
 -0.065529	 -5.078642
 -0.062987	 -4.826443
 -0.059880	 -4.605624
 -0.056914	 -4.393741
 -0.054513	 -4.145020
 -0.051689	 -3.950737
 -0.049076	 -3.709316
 -0.046534	 -3.499957
 -0.043709	 -3.272726
 -0.041167	 -3.067869
 -0.038767	 -2.851825
 -0.035801	 -2.654063
 -0.032906	 -2.436109
 -0.028740	 -2.239711
 -0.028386	 -2.030898
 -0.028528	 -1.844255
 -0.028033	 -1.642605
 -0.028175	 -1.437816
 -0.027821	 -1.238417
 -0.027892	 -1.071217
 -0.027680	 -0.865541
 -0.027610	 -0.671054
 -0.027539	 -0.490278
 -0.027468	 -0.320826
 -0.027045	 -0.106760
  0.000353	  0.040044
  0.000424	  0.251176
  0.000565	  0.425267
  0.000424	  0.603860
  0.000494	  0.774471
  0.000353	  0.983012
  0.000494	  1.162355
  0.028810	  1.344222
  0.028951	  1.535299
  0.029304	  1.716279
  0.029234	  1.919294
  0.029375	  2.105391
  0.029587	  2.314750
  0.034600	  2.503916
  0.037001	  2.719961
  0.039826	  2.933345
  0.042227	  3.122238
  0.044910	  3.332348
  0.047664	  3.534885
  0.050418	  3.764436
  0.052324	  3.980821
  0.055360	  4.202323
  0.057761	  4.419936
  0.060868	  4.638436
  0.063481	  4.865327
  0.066023	  5.071139
  0.069059	  5.290253
  0.071672	  5.521850
  0.074567	  5.747786
  0.077604	  5.947526
  0.080287	  6.202114
  0.083041	  6.430982
  0.086571	  6.646413
  0.087348	  6.650983
  0.085230	  6.499609
  0.083394	  6.380502
  0.081699	  6.237586
  0.080146	  6.103949
  0.078451	  5.952165
  0.076897	  5.828487
  0.074638	  5.697169
  0.073226	  5.560257
  0.071601	  5.432145
  0.069836	  5.293800
  0.068000	  5.141266
  0.066447	  5.023455
  0.064752	  4.877470
  0.062916	  4.765320
  0.061786	  4.614492
  0.059950	  4.495521
  0.058397	  4.367341
  0.056914	  4.245573
  0.055219	  4.103340
  0.053525	  3.996511
  0.051971	  3.863419
  0.050630	  3.741310
  0.049005	  3.610470
  0.047734	  3.481130
  0.045898	  3.360248
  0.044557	  3.235752
  0.042650	  3.115962
  0.041379	  3.004632
  0.039967	  2.867651
  0.038555	  2.762596
  0.036577	  2.634894
  0.035165	  2.514013
  0.033118	  2.400635
  0.030081	  2.282688
  0.030152	  2.166173
  0.029799	  2.051840
  0.029940	  1.922364
  0.029657	  1.822357
  0.029657	  1.719895
  0.029657	  1.593420
  0.029587	  1.491162
  0.029516	  1.385835
  0.029516	  1.273549
  0.029516	  1.154032
  0.029304	  1.059824
  0.029234	  0.939352
  0.029093	  0.833616
  0.029022	  0.723649
  0.028951	  0.632238
  0.028951	  0.518247
  0.028951	  0.406575
  0.028669	  0.301930
  0.028669	  0.203015
  0.028386	  0.089433
  0.000989	 -0.008664
  0.000918	 -0.118425
  0.001059	 -0.223957
  0.000989	 -0.342587
  0.000989	 -0.434340
  0.001130	 -0.549013
  0.000989	 -0.661026
  0.001130	 -0.762942
  0.001200	 -0.881368
  0.001130	 -0.995154
  0.000989	 -1.093592
  0.001130	 -1.214678
 -0.027327	 -1.314411
 -0.027468	 -1.450164
 -0.027327	 -1.546623
 -0.027610	 -1.663752
 -0.027610	 -1.786952
 -0.027610	 -1.899170
 -0.027751	 -2.026191
 -0.027892	 -2.138613
 -0.027963	 -2.260312
 -0.028245	 -2.374645
 -0.032553	 -2.488840
 -0.034671	 -2.625343
 -0.036083	 -2.743632
 -0.037778	 -2.877816
 -0.039190	 -2.982393
 -0.041026	 -3.115962
 -0.042297	 -3.232477
 -0.043709	 -3.369253
 -0.045616	 -3.489998
 -0.047028	 -3.635232
 -0.048793	 -3.747518
 -0.049994	 -3.879519
 -0.051618	 -4.018409
 -0.053313	 -4.128375
 -0.055008	 -4.283433
 -0.056561	 -4.403291
 -0.058326	 -4.529357
 -0.059738	 -4.674796
 -0.061716	 -4.801885
 -0.063199	 -4.948279
 -0.064682	 -5.089353
 -0.066659	 -5.213508
 -0.068494	 -5.362563
 -0.070260	 -5.509981
 -0.072166	 -5.644642
 -0.073861	 -5.772890
 -0.075697	 -5.952165
 -0.077533	 -6.069840
 -0.079440	 -6.242293
 -0.081205	 -6.379137
 -0.083041	 -6.527919
 -0.082688	 -6.416179
 -0.079510	 -6.148017
 -0.076403	 -5.929040
 -0.073296	 -5.667904
 -0.070189	 -5.446402
 -0.067012	 -5.184448
 -0.064046	 -4.970586
 -0.061010	 -4.724868
 -0.058467	 -4.507186
 -0.055502	 -4.240047
 -0.052889	 -4.046310
 -0.049994	 -3.796703
 -0.047240	 -3.581886
 -0.044274	 -3.364410
 -0.042156	 -3.149593
 -0.039473	 -2.927682
 -0.036789	 -2.733604
 -0.033824	 -2.498050
 -0.028740	 -2.320958
 -0.028316	 -2.107233
 -0.028457	 -1.894804
 -0.028175	 -1.703045
 -0.028175	 -1.496347
 -0.027892	 -1.311068
 -0.027821	 -1.116990
 -0.027892	 -0.904903
 -0.027751	 -0.744251
 -0.027610	 -0.550309
 -0.027610	 -0.367487
 -0.027045	 -0.174500
  0.000353	  0.012620
  0.000565	  0.186097
  0.000212	  0.357049
  0.000424	  0.553447
  0.000494	  0.746980
  0.000282	  0.924686
  0.000494	  1.094683
  0.028528	  1.287670
  0.028951	  1.475813
  0.028951	  1.667640
  0.029304	  1.863083
  0.029234	  2.036219
  0.029375	  2.257311
  0.033047	  2.444022
  0.036013	  2.645058
  0.038908	  2.820035
  0.041309	  3.040377
  0.043921	  3.231659
  0.046393	  3.455002
  0.048864	  3.676572
  0.051477	  3.867444
  0.054231	  4.076189
  0.057196	  4.333505
  0.059809	  4.519875
  0.062422	  4.759385
  0.065458	  4.966903
  0.068283	  5.201843
  0.070542	  5.415022
  0.073790	  5.672542
  0.076403	  5.879309
  0.079440	  6.140786
  0.082405	  6.357240
  0.085724	  6.583585
  0.087066	  6.687753
  0.085795	  6.535969
  0.083818	  6.420000
  0.082405	  6.262690
  0.080569	  6.128575
  0.078592	  5.993641
  0.076897	  5.863483
  0.075203	  5.712245
  0.073579	  5.599482
  0.072166	  5.458272
  0.070401	  5.330091
  0.068706	  5.186699
  0.067012	  5.075505
  0.065388	  4.930202
  0.063693	  4.792948
  0.062069	  4.684347
  0.060727	  4.552005
  0.059032	  4.426212
  0.057479	  4.296326
  0.056067	  4.161938
  0.054301	  4.027482
  0.052607	  3.906055
  0.051194	  3.775965
  0.049711	  3.668864
  0.048440	  3.530996
  0.046463	  3.426419
  0.045192	  3.293054
  0.043709	  3.191479
  0.042297	  3.064049
  0.040673	  2.943304
  0.039120	  2.819899
  0.037849	  2.694311
  0.036013	  2.581889
  0.034318	  2.473287
  0.030364	  2.335829
  0.030081	  2.226408
  0.030081	  2.099934
  0.029940	  1.992423
  0.029799	  1.870314
  0.029799	  1.774878
  0.029657	  1.652769
  0.029375	  1.546896
  0.029516	  1.430858
  0.029375	  1.316253
  0.029375	  1.206491
  0.029304	  1.099595
  0.029234	  0.987787
  0.029375	  0.872499
  0.029234	  0.772629
  0.029093	  0.657001
  0.029163	  0.552901
  0.029093	  0.454737
  0.028810	  0.340063
