 -0.058609	 -4.498522
 -0.056349	 -4.302398
 -0.053807	 -4.117188
 -0.050912	 -3.857757
 -0.048087	 -3.666681
 -0.045263	 -3.430512
 -0.042862	 -3.205327
 -0.040179	 -2.973934
 -0.037496	 -2.768327
 -0.034389	 -2.569542
 -0.029304	 -2.347221
 -0.028740	 -2.154371
 -0.028316	 -1.940646
 -0.028175	 -1.744726
 -0.028104	 -1.553854
 -0.028175	 -1.349884
 -0.028033	 -1.143663
 -0.027821	 -0.957839
 -0.027751	 -0.778018
 -0.027751	 -0.559859
 -0.027610	 -0.375263
 -0.027186	 -0.184187
  0.000424	 -0.007572
  0.000494	  0.183641
  0.000424	  0.364894
  0.000494	  0.543828
  0.000424	  0.739407
  0.000353	  0.919638
  0.023514	  1.109418
  0.028810	  1.298448
  0.029022	  1.494096
  0.029022	  1.704000
  0.029093	  1.879046
  0.029375	  2.085267
  0.029516	  2.297968
  0.033894	  2.510193
  0.036931	  2.706931
  0.039543	  2.924954
  0.042368	  3.110232
  0.044627	  3.324571
  0.047240	  3.540547
  0.049923	  3.747109
  0.052748	  3.946917
  0.055008	  4.178583
  0.057691	  4.410113
  0.060374	  4.613673
  0.063269	  4.818530
  0.065952	  5.059064
  0.068706	  5.279133
  0.071249	  5.497360
  0.074497	  5.722955
  0.077039	  5.958509
  0.080569	  6.182330
  0.083394	  6.406902
  0.086571	  6.682022
  0.087772	  6.727250
  0.086077	  6.571851
  0.084524	  6.463045
  0.082546	  6.304917
  0.080993	  6.184855
  0.079016	  6.015607
  0.077462	  5.882720
  0.075556	  5.752493
  0.074355	  5.619879
  0.072378	  5.475463
  0.070684	  5.349397
  0.068706	  5.215896
  0.067153	  5.079325
  0.065388	  4.954419
  0.063975	  4.827671
  0.062210	  4.695329
  0.060798	  4.569332
  0.059174	  4.434603
  0.057479	  4.310106
  0.055925	  4.167327
  0.054443	  4.044127
  0.052818	  3.908170
  0.051336	  3.792200
  0.049853	  3.670228
  0.048017	  3.550984
  0.046534	  3.422258
  0.045404	  3.291008
  0.043709	  3.171218
  0.042297	  3.044061
  0.040532	  2.928706
  0.039261	  2.801685
  0.037425	  2.676916
  0.036013	  2.560537
  0.033894	  2.438223
  0.030364	  2.322936
  0.030081	  2.206557
  0.029940	  2.103686
  0.029940	  1.977552
  0.029657	  1.874271
  0.029657	  1.766351
  0.029657	  1.637079
  0.029587	  1.541438
  0.029516	  1.416601
  0.029375	  1.318982
  0.029446	  1.203149
  0.029446	  1.087793
  0.029375	  0.981374
  0.029093	  0.875092
  0.029304	  0.750186
  0.029163	  0.642402
  0.029093	  0.539872
  0.028881	  0.422743
  0.028951	  0.320894
  0.028669	  0.218909
  0.028386	  0.103895
  0.000918	 -0.001910
  0.000847	 -0.110376
  0.000989	 -0.209359
  0.001059	 -0.334538
  0.001200	 -0.439933
  0.000918	 -0.547990
  0.000989	 -0.660617
  0.001059	 -0.771401
  0.001200	 -0.872909
  0.001200	 -1.005660
  0.000989	 -1.099049
 -0.027398	 -1.223614
 -0.027610	 -1.328396
 -0.027468	 -1.451596
 -0.027539	 -1.561494
 -0.027610	 -1.673507
 -0.027610	 -1.799232
 -0.027610	 -1.921204
 -0.027610	 -2.035605
 -0.027821	 -2.159828
 -0.027892	 -2.267339
 -0.029587	 -2.388561
 -0.032976	 -2.502961
 -0.034671	 -2.638168
 -0.036224	 -2.763893
 -0.037990	 -2.893778
 -0.039331	 -3.008861
 -0.041026	 -3.137246
 -0.042791	 -3.255057
 -0.043992	 -3.390128
 -0.045687	 -3.500708
 -0.047028	 -3.621862
 -0.048793	 -3.765664
 -0.050206	 -3.888933
 -0.051689	 -4.031029
 -0.053454	 -4.140109
 -0.055008	 -4.292643
 -0.056773	 -4.399948
 -0.058114	 -4.544774
 -0.060233	 -4.665109
 -0.061716	 -4.822487
 -0.063340	 -4.960217
 -0.065034	 -5.094946
 -0.067012	 -5.221285
 -0.068636	 -5.388622
 -0.070542	 -5.523215
 -0.072166	 -5.652828
 -0.073720	 -5.804611
 -0.075838	 -5.944252
 -0.077674	 -6.079663
 -0.079581	 -6.244954
 -0.081276	 -6.377364
 -0.083182	 -6.542791
 -0.083464	 -6.492787
 -0.080075	 -6.236017
 -0.077251	 -5.970789
 -0.074002	 -5.736667
 -0.071319	 -5.492994
 -0.067930	 -5.239431
 -0.065246	 -5.008924
 -0.061998	 -4.788855
 -0.059456	 -4.545047
 -0.056490	 -4.303557
 -0.053595	 -4.085262
 -0.050700	 -3.846092
 -0.048087	 -3.656448
 -0.045333	 -3.411480
 -0.042721	 -3.197141
 -0.039755	 -2.983348
 -0.037072	 -2.776990
 -0.034389	 -2.536388
 -0.028881	 -2.338558
 -0.028740	 -2.116510
 -0.028316	 -1.945285
 -0.028457	 -1.706934
 -0.028175	 -1.537550
 -0.028175	 -1.311000
 -0.027892	 -1.146665
 -0.027963	 -0.944264
 -0.027751	 -0.764580
 -0.027468	 -0.587215
 -0.027610	 -0.399208
 -0.027257	 -0.215499
  0.000494	 -0.006753
  0.000424	  0.154171
  0.000565	  0.357595
  0.000353	  0.528479
  0.000565	  0.719215
  0.000353	  0.899991
  0.000424	  1.110441
  0.028951	  1.288761
  0.029093	  1.477860
  0.029022	  1.666754
  0.029234	  1.870587
  0.029304	  2.077081
  0.029375	  2.282892
  0.033753	  2.481746
  0.036860	  2.706522
  0.039684	  2.884910
  0.041874	  3.123534
  0.044627	  3.304174
  0.047099	  3.532293
  0.049853	  3.734352
  0.052395	  3.976046
  0.055078	  4.186496
  0.058114	  4.404110
  0.060939	  4.604737
  0.063622	  4.840973
  0.066023	  5.064180
  0.069130	  5.319723
  0.071884	  5.545658
  0.074779	  5.773572
  0.077745	  5.973722
  0.080711	  6.250275
  0.083818	  6.445990
  0.086925	  6.732503
  0.087913	  6.743622
  0.086501	  6.588087
  0.084806	  6.457792
  0.082829	  6.315764
  0.081134	  6.172507
  0.079298	  6.032730
  0.077321	  5.910621
  0.075626	  5.771253
  0.074073	  5.640685
  0.072096	  5.496678
  0.071107	  5.356628
  0.069271	  5.234246
  0.067435	  5.105247
  0.066094	  4.991802
  0.063975	  4.846226
  0.062634	  4.713612
  0.061221	  4.589524
  0.059597	  4.476352
  0.058114	  4.331458
  0.056349	  4.219104
  0.054654	  4.089423
  0.053383	  3.950055
  0.051830	  3.821807
  0.050276	  3.697992
  0.048511	  3.572541
  0.047311	  3.448044
  0.045475	  3.332348
  0.044345	  3.220744
  0.042438	  3.085469
  0.041097	  2.959267
  0.039402	  2.833474
  0.037990	  2.726373
  0.036154	  2.596078
  0.034600	  2.475333
  0.030364	  2.355135
  0.030081	  2.236027
  0.030152	  2.113986
  0.029940	  2.014935
  0.029728	  1.887164
  0.029657	  1.771126
  0.029799	  1.647175
  0.029516	  1.541575
  0.029516	  1.432359
  0.029516	  1.315093
  0.029516	  1.202467
  0.029304	  1.098094
  0.029375	  0.981920
  0.029093	  0.875365
  0.029234	  0.762942
  0.029022	  0.640424
  0.028951	  0.530458
  0.028951	  0.437273
  0.028951	  0.321576
  0.028669	  0.206971
  0.028386	  0.093117
  0.001059	  0.004366
  0.000989	 -0.111467
  0.001130	 -0.226004
  0.001130	 -0.319325
  0.000989	 -0.441707
  0.001200	 -0.538780
  0.000918	 -0.663004
  0.000989	 -0.771265
  0.001130	 -0.882459
  0.001059	 -0.990106
 -0.027327	 -1.092227
 -0.027468	 -1.208197
 -0.027257	 -1.313729
 -0.027468	 -1.430449
 -0.027468	 -1.543349
 -0.027539	 -1.658840
 -0.027610	 -1.780404
 -0.027610	 -1.892894
 -0.027892	 -2.006271
 -0.027751	 -2.121558
 -0.028033	 -2.260722
 -0.028175	 -2.363389
 -0.032694	 -2.487476
 -0.034459	 -2.603991
 -0.036154	 -2.732445
 -0.037496	 -2.857282
 -0.039473	 -2.981983
 -0.040602	 -3.111323
 -0.042368	 -3.232955
 -0.043921	 -3.350834
 -0.045404	 -3.497843
 -0.047028	 -3.620225
 -0.048793	 -3.742606
 -0.050276	 -3.877881
 -0.051759	 -4.005789
 -0.053525	 -4.139699
 -0.055149	 -4.274565
 -0.056702	 -4.412773
 -0.058397	 -4.552551
 -0.060162	 -4.674455
 -0.061574	 -4.820031
 -0.063128	 -4.957898
 -0.065105	 -5.099517
 -0.066659	 -5.238203
 -0.068636	 -5.379754
 -0.070331	 -5.522805
 -0.072308	 -5.643277
 -0.073720	 -5.802224
 -0.075838	 -5.955849
 -0.077533	 -6.098082
 -0.079651	 -6.246045
 -0.081205	 -6.388006
 -0.083323	 -6.519188
 -0.083888	 -6.484874
 -0.080640	 -6.258734
 -0.077533	 -5.984978
 -0.074497	 -5.749901
 -0.071390	 -5.502613
 -0.068494	 -5.265149
 -0.065458	 -5.027343
 -0.062563	 -4.800657
 -0.059527	 -4.563807
 -0.056843	 -4.343192
 -0.054160	 -4.115892
 -0.051406	 -3.901962
 -0.048370	 -3.686123
 -0.045969	 -3.453774
 -0.042721	 -3.242915
 -0.040602	 -3.020117
 -0.037496	 -2.820786
 -0.034883	 -2.592326
 -0.029587	 -2.398316
 -0.028598	 -2.180157
 -0.028457	 -1.989490
 -0.028316	 -1.774946
 -0.028175	 -1.562518
 -0.028316	 -1.378399
 -0.028033	 -1.172792
 -0.028033	 -0.985808
 -0.027610	 -0.784977
 -0.027610	 -0.619481
 -0.027468	 -0.405757
 -0.027327	 -0.241353
 -0.009603	 -0.044137
  0.000353	  0.127566
  0.000424	  0.331332
  0.000353	  0.499146
  0.000494	  0.699773
  0.000494	  0.893920
  0.000353	  1.094751
  0.028951	  1.252674
  0.028810	  1.476837
  0.029093	  1.647312
  0.029093	  1.874543
  0.029234	  2.049657
  0.029375	  2.277435
  0.033471	  2.456505
  0.036366	  2.638646
  0.038837	  2.863081
  0.041379	  3.052452
  0.044486	  3.267950
  0.046887	  3.470283
  0.049288	  3.704541
  0.051547	  3.910899
  0.054372	  4.129740
  0.057338	  4.319111
  0.059738	  4.559509
  0.062704	  4.752223
  0.065388	  5.006059
  0.068000	  5.227629
  0.071107	  5.468641
  0.073861	  5.687687
  0.077180	  5.913213
  0.079863	  6.171211
  0.083111	  6.415293
  0.086360	  6.620695
  0.088619	  6.760131
  0.086854	  6.651256
  0.084947	  6.492787
  0.083394	  6.352328
  0.081558	  6.202182
  0.079722	  6.088190
  0.078027	  5.931905
  0.076333	  5.811910
  0.074214	  5.671519
  0.072802	  5.526626
  0.071178	  5.399332
  0.069413	  5.262011
  0.067859	  5.122097
  0.066235	  4.992416
  0.064470	  4.872626
  0.063128	  4.730461
  0.061363	  4.595596
  0.059880	  4.471713
  0.058044	  4.350832
  0.056561	  4.205734
  0.054937	  4.074347
  0.053454	  3.955786
  0.051689	  3.827332
  0.050276	  3.702222
  0.048723	  3.588299
  0.047099	  3.465303
  0.045545	  3.331256
  0.044062	  3.222722
  0.042791	  3.094406
  0.040955	  2.979528
  0.039826	  2.844253
  0.038060	  2.737220
  0.036648	  2.609858
  0.035024	  2.498186
  0.032764	  2.381262
  0.030222	  2.257993
  0.030081	  2.161466
  0.029940	  2.044678
  0.029657	  1.930277
  0.029728	  1.815740
  0.029799	  1.691926
  0.029799	  1.586325
  0.029446	  1.470492
  0.029516	  1.359980
  0.029446	  1.237462
  0.029375	  1.129542
  0.029375	  1.014869
  0.029234	  0.899241
  0.029093	  0.799029
  0.029093	  0.681286
  0.029163	  0.568864
  0.028951	  0.453577
  0.028810	  0.351456
  0.028810	  0.233985
  0.028528	  0.139641
  0.001200	  0.019919
  0.000989	 -0.080360
  0.001130	 -0.188075
  0.000989	 -0.300497
  0.000918	 -0.419673
  0.001059	 -0.515382
  0.001130	 -0.628895
  0.000989	 -0.736542
  0.001200	 -0.864723
  0.000918	 -0.959545
  0.001059	 -1.076537
 -0.027186	 -1.180705
 -0.027468	 -1.298994
 -0.027468	 -1.422195
 -0.027468	 -1.529023
 -0.027610	 -1.653860
 -0.027751	 -1.776925
 -0.027610	 -1.877750
 -0.027821	 -1.987716
 -0.027751	 -2.108802
 -0.027892	 -2.238756
 -0.028316	 -2.354452
 -0.032341	 -2.457256
 -0.034247	 -2.595260
 -0.035518	 -2.716140
 -0.037566	 -2.836749
 -0.038908	 -2.949580
 -0.040602	 -3.083150
 -0.042015	 -3.208533
 -0.043427	 -3.343262
 -0.045122	 -3.461005
 -0.046675	 -3.594711
 -0.048299	 -3.711022
 -0.049782	 -3.840908
 -0.051336	 -3.968338
 -0.053171	 -4.104022
 -0.054796	 -4.235613
 -0.056279	 -4.389920
 -0.057903	 -4.518510
 -0.059668	 -4.649419
 -0.061433	 -4.776303
 -0.062987	 -4.921061
 -0.064823	 -5.051833
 -0.066588	 -5.206755
 -0.068353	 -5.327772
 -0.069836	 -5.491494
 -0.071884	 -5.617286
 -0.073579	 -5.791513
 -0.075415	 -5.913759
 -0.077604	 -6.069977
 -0.079228	 -6.206684
 -0.080852	 -6.369451
 -0.083041	 -6.496335
 -0.083747	 -6.544087
 -0.081346	 -6.292706
 -0.077392	 -6.046100
 -0.074850	 -5.791241
 -0.071743	 -5.529832
 -0.069059	 -5.303214
 -0.065670	 -5.049514
 -0.062704	 -4.841383
 -0.059527	 -4.588842
 -0.056985	 -4.355880
 -0.054160	 -4.115414
 -0.051477	 -3.909330
 -0.048652	 -3.668659
 -0.045969	 -3.447362
 -0.043286	 -3.261265
 -0.040602	 -3.028985
 -0.038131	 -2.838932
 -0.035377	 -2.613542
 -0.032129	 -2.399953
 -0.028740	 -2.186297
 -0.028386	 -2.011456
 -0.028175	 -1.794866
 -0.028104	 -1.621321
 -0.028033	 -1.421649
 -0.027892	 -1.214200
 -0.027821	 -1.015824
 -0.027751	 -0.834980
 -0.027610	 -0.647109
 -0.027468	 -0.456510
 -0.027468	 -0.255747
 -0.026904	 -0.089160
  0.000424	  0.115969
  0.000353	  0.292243
  0.000565	  0.468380
  0.000424	  0.668939
  0.000282	  0.847737
  0.000424	  1.033288
  0.028669	  1.240736
  0.028810	  1.405550
  0.029093	  1.612043
  0.029093	  1.796639
  0.029234	  2.022098
  0.029234	  2.222179
  0.032129	  2.429628
  0.035518	  2.631483
  0.038555	  2.840569
  0.040955	  3.039081
  0.043780	  3.247281
  0.046181	  3.463393
  0.049288	  3.670296
  0.051547	  3.897801
  0.054513	  4.126397
  0.057338	  4.321157
  0.059880	  4.568309
  0.062492	  4.768186
  0.065317	  5.016701
  0.068212	  5.236293
  0.071672	  5.473553
  0.074214	  5.685708
  0.077321	  5.921536
  0.079863	  6.166231
  0.082829	  6.407175
  0.085795	  6.641433
  0.088902	  6.792125
  0.086783	  6.648255
  0.085230	  6.496471
  0.083394	  6.359695
  0.081840	  6.234721
  0.080146	  6.094398
  0.078451	  5.966559
  0.076686	  5.815594
  0.075062	  5.695805
  0.073084	  5.563190
  0.071531	  5.423549
  0.069977	  5.272584
  0.068212	  5.152044
  0.066588	  5.018270
  0.064682	  4.895274
  0.063057	  4.762319
  0.061716	  4.619949
  0.059950	  4.494293
  0.058256	  4.379142
  0.056843	  4.230906
  0.055290	  4.108388
  0.053666	  3.988121
  0.052112	  3.855370
  0.050488	  3.733261
  0.049147	  3.603170
  0.047311	  3.481743
  0.045757	  3.357793
  0.044062	  3.222654
  0.042650	  3.110778
  0.041238	  2.969568
  0.039755	  2.852780
  0.038202	  2.728624
  0.036719	  2.623433
  0.035024	  2.482019
  0.030364	  2.383308
  0.030222	  2.247897
  0.029799	  2.139704
  0.030081	  2.028442
  0.029869	  1.904423
  0.029728	  1.793638
  0.029657	  1.669141
  0.029799	  1.550102
  0.029657	  1.439999
  0.029657	  1.321233
  0.029304	  1.217202
  0.029375	  1.112215
  0.029234	  0.994950
  0.029304	  0.890100
  0.029163	  0.786818
  0.029093	  0.671122
  0.029093	  0.564089
  0.028951	  0.454873
  0.028810	  0.351251
  0.028881	  0.247902
  0.028669	  0.138686
  0.008827	  0.040044
  0.000847	 -0.063033
  0.001059	 -0.176001
  0.000989	 -0.275530
  0.000918	 -0.386860
  0.001059	 -0.485776
  0.001130	 -0.603178
  0.001130	 -0.711916
  0.000989	 -0.824884
  0.001200	 -0.926664
  0.001059	 -1.034652
 -0.027327	 -1.144686
 -0.027327	 -1.269865
 -0.027468	 -1.386926
 -0.027468	 -1.480725
 -0.027892	 -1.612589
 -0.027610	 -1.727876
 -0.027680	 -1.842754
 -0.027892	 -1.962066
 -0.027892	 -2.080355
 -0.028033	 -2.200554
 -0.028104	 -2.324368
 -0.031917	 -2.439588
 -0.033612	 -2.561765
 -0.035377	 -2.672345
 -0.036931	 -2.815874
 -0.038625	 -2.930343
 -0.040037	 -3.069097
 -0.041591	 -3.185612
 -0.043145	 -3.320341
 -0.044698	 -3.437539
 -0.046252	 -3.554600
 -0.048087	 -3.683667
 -0.049782	 -3.827946
 -0.050912	 -3.965472
 -0.052818	 -4.100474
 -0.054301	 -4.229132
 -0.055996	 -4.370547
 -0.057620	 -4.499819
 -0.059527	 -4.633797
 -0.061010	 -4.773848
 -0.062492	 -4.897457
 -0.064540	 -5.032528
 -0.066023	 -5.151158
 -0.067577	 -5.302941
 -0.069201	 -5.418638
 -0.071249	 -5.567556
 -0.072873	 -5.716747
 -0.074708	 -5.867644
 -0.076544	 -5.990503
 -0.078380	 -6.155658
 -0.080287	 -6.286021
 -0.081911	 -6.441352
 -0.084171	 -6.574171
 -0.081770	 -6.324427
 -0.078663	 -6.084848
 -0.075556	 -5.851408
 -0.072449	 -5.600982
 -0.069342	 -5.340051
 -0.066094	 -5.143176
 -0.063128	 -4.881494
 -0.060374	 -4.660880
 -0.057550	 -4.414001
 -0.054866	 -4.173672
 -0.051901	 -3.953057
 -0.049217	 -3.732988
 -0.046675	 -3.498116
 -0.043639	 -3.305606
 -0.041097	 -3.070188
 -0.038484	 -2.851006
 -0.035518	 -2.633461
 -0.032835	 -2.432629
 -0.028386	 -2.217813
 -0.028457	 -2.042631
 -0.028457	 -1.830270
 -0.028457	 -1.611225
 -0.028033	 -1.422672
 -0.028033	 -1.219385
 -0.027751	 -1.036016
 -0.027751	 -0.832661
 -0.027610	 -0.634899
 -0.027468	 -0.459103
 -0.027327	 -0.260658
 -0.026762	 -0.102599
  0.000353	  0.106419
  0.000424	  0.280578
  0.000353	  0.475475
  0.000424	  0.654545
  0.000424	  0.854422
  0.000565	  1.013027
  0.028810	  1.184798
  0.028951	  1.399274
  0.028881	  1.585098
  0.029093	  1.798140
  0.029093	  1.986284
  0.029234	  2.189639
  0.029657	  2.383854
  0.035589	  2.563811
  0.037849	  2.790224
  0.040673	  2.986963
  0.042791	  3.197959
  0.045616	  3.403157
  0.048087	  3.611493
  0.050912	  3.833881
  0.053313	  4.039966
  0.056420	  4.277839
  0.058962	  4.465710
  0.062069	  4.695057
  0.064328	  4.929451
  0.067506	  5.172305
  0.070260	  5.370544
  0.072943	  5.625200
  0.076050	  5.824326
  0.078875	  6.096377
  0.081982	  6.304371
  0.085089	  6.544223
  0.088196	  6.771250
  0.086925	  6.645390
  0.085583	  6.503225
  0.083394	  6.360378
  0.081770	  6.234721
  0.079722	  6.100811
  0.078169	  5.949232
  0.076474	  5.800996
  0.074638	  5.671451
  0.073084	  5.530309
  0.071178	  5.403016
  0.069554	  5.258191
  0.067859	  5.143858
  0.066306	  4.996304
  0.064752	  4.868670
  0.063199	  4.728961
  0.061433	  4.601190
  0.059597	  4.484470
  0.058256	  4.344556
  0.056632	  4.227018
  0.055078	  4.087718
  0.053242	  3.967860
  0.051830	  3.833540
  0.050559	  3.716547
  0.048864	  3.604739
  0.047523	  3.471443
  0.045898	  3.355882
  0.044557	  3.237525
  0.042509	  3.108663
  0.041520	  2.992284
  0.039967	  2.864036
  0.038413	  2.747179
  0.036860	  2.626162
  0.035024	  2.520834
  0.032482	  2.402955
  0.030081	  2.284188
  0.029940	  2.153689
  0.030081	  2.050749
  0.029940	  1.935871
  0.029799	  1.809942
  0.029940	  1.701203
  0.029799	  1.593829
  0.029516	  1.474449
  0.029516	  1.357252
  0.029587	  1.252743
  0.029375	  1.133499
  0.029234	  1.017939
  0.029375	  0.910224
  0.028951	  0.804691
  0.029234	  0.691041
  0.029163	  0.578210
  0.029093	  0.486526
  0.028810	  0.368646
  0.028810	  0.264001
  0.028528	  0.149464
  0.003672	  0.051027
  0.000847	 -0.058940
  0.000918	 -0.172112
  0.001130	 -0.279009
  0.000989	 -0.386656
  0.000989	 -0.509106
  0.001059	 -0.614433
  0.000989	 -0.732722
  0.001130	 -0.830205
  0.001130	 -0.942354
 -0.027327	 -1.050069
 -0.027186	 -1.165152
 -0.027327	 -1.287806
 -0.027539	 -1.403094
 -0.027468	 -1.505965
 -0.027539	 -1.636124
 -0.027610	 -1.750456
 -0.027610	 -1.856671
 -0.027751	 -1.988194
 -0.027892	 -2.105323
 -0.027892	 -2.219860
 -0.027963	 -2.336511
 -0.032129	 -2.446614
 -0.033965	 -2.557740
 -0.035377	 -2.694243
 -0.037072	 -2.809939
 -0.038484	 -2.937096
 -0.040179	 -3.049109
 -0.041591	 -3.185476
 -0.043145	 -3.292986
 -0.044557	 -3.433173
 -0.046322	 -3.547846
 -0.047805	 -3.697174
 -0.049217	 -3.823035
 -0.051053	 -3.941324
 -0.052465	 -4.085057
 -0.054301	 -4.221492
 -0.055714	 -4.336233
 -0.057691	 -4.482014
 -0.059174	 -4.608284
 -0.061080	 -4.746629
 -0.062634	 -4.878970
 -0.064399	 -5.036893
 -0.065811	 -5.167530
 -0.067930	 -5.317881
 -0.069483	 -5.435965
 -0.071672	 -5.586520
 -0.072943	 -5.739668
 -0.075062	 -5.875216
 -0.076827	 -6.011719
 -0.078945	 -6.170461
 -0.080569	 -6.313785
 -0.082335	 -6.480986
 -0.084736	 -6.552955
 -0.081064	 -6.315354
 -0.078239	 -6.055173
 -0.074708	 -5.828419
 -0.072025	 -5.567147
 -0.068918	 -5.315493
 -0.065952	 -5.067728
 -0.062775	 -4.840018
 -0.059809	 -4.626976
 -0.057196	 -4.360723
 -0.054160	 -4.162552
 -0.051618	 -3.905305
 -0.048935	 -3.694377
 -0.046110	 -3.497502
 -0.043427	 -3.255057
 -0.040885	 -3.045494
 -0.038343	 -2.836885
 -0.035659	 -2.633802
 -0.032129	 -2.444363
 -0.028598	 -2.224294
 -0.028316	 -2.020665
 -0.028245	 -1.844528
 -0.028316	 -1.640763
 -0.028033	 -1.427515
 -0.028175	 -1.228662
 -0.027892	 -1.035607
 -0.027892	 -0.843234
 -0.027610	 -0.661094
 -0.027468	 -0.465651
 -0.027327	 -0.287604
 -0.026762	 -0.099120
  0.000565	  0.078996
  0.000282	  0.279418
  0.000353	  0.453577
  0.000494	  0.652294
  0.000494	  0.813832
  0.000282	  1.020736
  0.028951	  1.190119
  0.028669	  1.407528
  0.028951	  1.575479
  0.028951	  1.776788
  0.029163	  1.992014
  0.029375	  2.205466
  0.029657	  2.394905
  0.035801	  2.598056
  0.038555	  2.789952
  0.040814	  3.021072
  0.043215	  3.218561
  0.045898	  3.436038
  0.048299	  3.628411
  0.051406	  3.847661
  0.054089	  4.056952
  0.056632	  4.307650
  0.059456	  4.520693
  0.062069	  4.748061
  0.064611	  4.964856
  0.067859	  5.208187
  0.070542	  5.424368
  0.073367	  5.666744
  0.076333	  5.882447
  0.079157	  6.128848
  0.082405	  6.333977
  0.084947	  6.575194
  0.088478	  6.753650
  0.086642	  6.615442
  0.084947	  6.477507
  0.083111	  6.367745
  0.081629	  6.211186
  0.079722	  6.089487
  0.078027	  5.930608
  0.076333	  5.805430
  0.074638	  5.676090
  0.072943	  5.548250
  0.071249	  5.391896
  0.069695	  5.268969
  0.067930	  5.139220
  0.066164	  5.015883
  0.064682	  4.863349
  0.062987	  4.735646
  0.061221	  4.613196
  0.059809	  4.474237
  0.058114	  4.357517
  0.056490	  4.233839
  0.054796	  4.097678
  0.053525	  3.961652
  0.051830	  3.837497
  0.050630	  3.715115
  0.048582	  3.590277
  0.047452	  3.461688
  0.045898	  3.333303
  0.044204	  3.232682
  0.042791	  3.086015
  0.041379	  2.976390
  0.039473	  2.856873
  0.038131	  2.731694
  0.036719	  2.601194
  0.034742	  2.498050
  0.030646	  2.380580
  0.030222	  2.260244
  0.029940	  2.147822
  0.030010	  2.026122
  0.029799	  1.916156
  0.029516	  1.805508
  0.029799	  1.675622
  0.029657	  1.572750
  0.029516	  1.447640
  0.029375	  1.341084
  0.029446	  1.233642
  0.029446	  1.122038
  0.029375	  1.011322
  0.029234	  0.908859
  0.029234	  0.804828
  0.029093	  0.682105
  0.029093	  0.578210
  0.028881	  0.467698
  0.028951	  0.362712
  0.028740	  0.259226
  0.028598	  0.154239
  0.000918	  0.043523
  0.001200	 -0.057302
  0.000989	 -0.178798
  0.001130	 -0.281192
  0.001059	 -0.386724
  0.001130	 -0.496486
  0.001059	 -0.611705
  0.001059	 -0.715190
  0.001130	 -0.844189
  0.001130	 -0.953678
  0.000847	 -1.055185
 -0.027115	 -1.163992
 -0.027468	 -1.286306
 -0.027327	 -1.404936
 -0.027398	 -1.512310
 -0.027539	 -1.633464
 -0.027610	 -1.755095
 -0.027751	 -1.859058
 -0.027892	 -1.988944
 -0.027892	 -2.093521
 -0.028104	 -2.226204
 -0.028104	 -2.349814
 -0.032270	 -2.478335
 -0.034035	 -2.581070
 -0.036224	 -2.712593
 -0.037496	 -2.842820
 -0.039049	 -2.979937
 -0.040602	 -3.091677
 -0.042156	 -3.229749
 -0.043568	 -3.354655
 -0.044980	 -3.486587
 -0.046675	 -3.606786
 -0.048229	 -3.745062
 -0.050206	 -3.855779
 -0.051618	 -4.006403
 -0.053171	 -4.120599
 -0.054796	 -4.272587
 -0.056420	 -4.403223
 -0.057973	 -4.526696
 -0.059738	 -4.665109
 -0.061433	 -4.774257
 -0.063128	 -4.928769
 -0.064823	 -5.052379
 -0.066517	 -5.195294
 -0.068000	 -5.326885
 -0.070119	 -5.482284
 -0.071531	 -5.619674
 -0.073296	 -5.752152
 -0.074991	 -5.889951
 -0.076827	 -6.039688
 -0.078733	 -6.178783
 -0.080640	 -6.336297
 -0.082617	 -6.460930
 -0.084524	 -6.570487
 -0.081629	 -6.333841
 -0.078239	 -6.048829
 -0.075132	 -5.839129
 -0.071884	 -5.556027
 -0.069130	 -5.326135
 -0.065811	 -5.095151
 -0.062845	 -4.870375
 -0.060233	 -4.617016
 -0.057055	 -4.403632
 -0.054443	 -4.132195
 -0.051759	 -3.922086
 -0.048935	 -3.683667
 -0.046110	 -3.495182
 -0.043356	 -3.239231
 -0.040461	 -3.052384
 -0.037919	 -2.812941
 -0.035236	 -2.627526
 -0.031846	 -2.389857
 -0.028457	 -2.212083
 -0.028457	 -1.995493
 -0.028316	 -1.783542
 -0.028033	 -1.579299
 -0.028033	 -1.409779
 -0.027892	 -1.184662
 -0.027751	 -1.001294
 -0.027892	 -0.814037
 -0.027610	 -0.617571
 -0.027468	 -0.433385
 -0.027186	 -0.241012
 -0.023867	 -0.048366
  0.000424	  0.120199
  0.000282	  0.309775
  0.000635	  0.483388
  0.000282	  0.676238
  0.000282	  0.866428
  0.000494	  1.044748
  0.028669	  1.233028
  0.028951	  1.412030
  0.029093	  1.596149
  0.029234	  1.807145
  0.029234	  1.993515
  0.029516	  2.182135
  0.031352	  2.384877
  0.035730	  2.580047
  0.038413	  2.799707
  0.040673	  3.001084
  0.043780	  3.218425
  0.046040	  3.417687
  0.048582	  3.660609
  0.051194	  3.867581
  0.053948	  4.096791
  0.056773	  4.285889
  0.059668	  4.522057
  0.062069	  4.747720
  0.065034	  4.958853
  0.067930	  5.173942
  0.070542	  5.442855
  0.073790	  5.643550
  0.077039	  5.890087
  0.079298	  6.127074
  0.082476	  6.375317
  0.085512	  6.582971
  0.088478	  6.778754
  0.087066	  6.639932
  0.084947	  6.506090
  0.083394	  6.358945
  0.081276	  6.224830
  0.079722	  6.092625
  0.078169	  5.934224
  0.076050	  5.804270
  0.074638	  5.650918
  0.072802	  5.523215
  0.071319	  5.398923
  0.069413	  5.267059
  0.067577	  5.122847
  0.066235	  4.980683
  0.064117	  4.856254
  0.062916	  4.726505
  0.061080	  4.610808
  0.059315	  4.475056
  0.057832	  4.335961
  0.056561	  4.200140
  0.054937	  4.083557
  0.053525	  3.958924
  0.051901	  3.836064
  0.050347	  3.714842
  0.048864	  3.602147
  0.047311	  3.467008
  0.046040	  3.349334
  0.044204	  3.233773
  0.042791	  3.118691
  0.041520	  2.983007
  0.039967	  2.872017
  0.038413	  2.741654
  0.036648	  2.633939
  0.035165	  2.502143
  0.032623	  2.397839
  0.030081	  2.272523
  0.030081	  2.149391
  0.030081	  2.030898
  0.029799	  1.916292
  0.029657	  1.801005
  0.029799	  1.702977
  0.029657	  1.567156
  0.029516	  1.468787
  0.029657	  1.349816
  0.029375	  1.244557
  0.029375	  1.116717
  0.029234	  1.021213
  0.029093	  0.900605
  0.029234	  0.786341
  0.028951	  0.678285
  0.028951	  0.566681
  0.028810	  0.463537
  0.028951	  0.359232
  0.028669	  0.231598
  0.028386	  0.132956
  0.001059	  0.019851
  0.001059	 -0.074016
  0.000989	 -0.187870
  0.000989	 -0.291697
  0.001059	 -0.414830
  0.001130	 -0.518588
  0.001200	 -0.633534
  0.000989	 -0.735451
  0.000989	 -0.855377
  0.001200	 -0.955111
 -0.005437	 -1.071217
 -0.027257	 -1.172042
 -0.027257	 -1.291627
 -0.027327	 -1.398591
 -0.027468	 -1.522065
 -0.027539	 -1.619138
 -0.027610	 -1.747523
 -0.027610	 -1.858308
 -0.027751	 -1.971276
 -0.027892	 -2.094613
 -0.028033	 -2.213720
 -0.028316	 -2.333373
 -0.032129	 -2.449343
 -0.033753	 -2.583731
 -0.035377	 -2.699564
 -0.037142	 -2.808302
 -0.038767	 -2.935255
 -0.040037	 -3.066505
 -0.041591	 -3.197345
 -0.043427	 -3.319182
 -0.045122	 -3.437266
 -0.046675	 -3.575133
 -0.047876	 -3.710203
 -0.049570	 -3.840225
 -0.051477	 -3.963494
 -0.053101	 -4.103476
 -0.054654	 -4.229132
 -0.056420	 -4.373276
 -0.057832	 -4.517009
 -0.059668	 -4.651602
 -0.061151	 -4.787218
 -0.063199	 -4.934090
 -0.064752	 -5.069979
 -0.066800	 -5.205595
 -0.068353	 -5.332616
 -0.070331	 -5.486787
 -0.071743	 -5.628747
 -0.073508	 -5.782304
 -0.075415	 -5.921672
 -0.077251	 -6.070795
 -0.079369	 -6.201227
 -0.080922	 -6.372179
 -0.082758	 -6.507863
 -0.084029	 -6.501110
 -0.080781	 -6.264123
 -0.077392	 -6.025908
 -0.074567	 -5.795470
 -0.071460	 -5.513255
 -0.068141	 -5.306898
 -0.065388	 -5.039349
 -0.062351	 -4.823851
 -0.060021	 -4.575267
 -0.056914	 -4.342168
 -0.054089	 -4.129399
 -0.051194	 -3.919903
 -0.048723	 -3.689670
 -0.045828	 -3.450773
 -0.043427	 -3.242778
 -0.040885	 -3.025165
 -0.038202	 -2.820854
 -0.035377	 -2.615179
 -0.032270	 -2.425262
 -0.028598	 -2.221906
 -0.028598	 -1.999518
 -0.028316	 -1.809805
 -0.028175	 -1.624186
 -0.028175	 -1.390542
 -0.028033	 -1.223273
 -0.027892	 -0.999111
 -0.027963	 -0.835798
 -0.027610	 -0.615116
 -0.027468	 -0.439865
 -0.027468	 -0.237123
 -0.026480	 -0.072924
  0.000282	  0.128180
  0.000494	  0.307387
  0.000565	  0.485298
  0.000494	  0.662731
  0.000282	  0.869020
  0.000424	  1.046726
  0.028669	  1.259223
  0.028810	  1.441227
  0.028951	  1.628825
  0.029093	  1.820925
  0.029375	  2.047543
  0.029234	  2.238756
  0.033188	  2.426967
  0.035871	  2.646422
  0.038837	  2.856327
  0.041097	  3.057159
  0.043921	  3.276955
  0.046534	  3.470624
  0.049429	  3.683053
  0.051689	  3.905987
  0.054443	  4.117938
  0.057055	  4.334119
  0.060092	  4.570492
  0.062492	  4.763751
  0.065741	  4.998896
  0.068283	  5.231176
  0.070825	  5.457385
  0.073932	  5.678955
  0.077039	  5.896022
  0.080005	  6.143515
  0.082546	  6.387119
  0.085795	  6.605210
  0.088196	  6.752764
  0.086218	  6.601253
  0.084524	  6.450356
  0.082688	  6.321426
  0.081134	  6.194541
  0.079440	  6.046237
  0.077745	  5.934019
  0.076191	  5.768388
  0.074214	  5.650235
  0.072520	  5.511209
  0.070825	  5.387599
  0.069271	  5.241614
  0.067577	  5.103951
  0.065741	  4.967653
  0.064540	  4.852707
  0.062845	  4.712247
  0.060798	  4.592048
  0.059597	  4.458206
  0.057973	  4.316655
  0.056067	  4.196456
  0.054796	  4.058657
  0.053030	  3.930204
  0.051689	  3.811097
  0.049994	  3.698129
  0.048582	  3.567902
  0.046887	  3.443132
  0.045404	  3.337123
  0.043780	  3.202939
  0.042509	  3.074077
  0.040673	  2.951900
  0.039402	  2.828153
  0.037566	  2.713002
  0.036295	  2.587892
  0.034318	  2.457938
  0.030222	  2.351587
  0.030081	  2.227705
  0.029940	  2.116442
  0.029940	  2.001087
  0.029657	  1.894395
  0.029657	  1.764441
  0.029657	  1.664230
  0.029657	  1.546282
  0.029657	  1.421444
  0.029657	  1.307931
  0.029516	  1.210926
  0.029234	  1.093728
  0.029375	  0.981033
  0.029093	  0.883960
  0.029234	  0.767172
  0.029093	  0.659389
  0.029163	  0.561633
  0.029022	  0.458898
  0.028810	  0.338494
  0.028881	  0.247561
  0.028528	  0.137458
  0.000989	  0.037042
  0.001130	 -0.087113
  0.001059	 -0.187461
  0.001059	 -0.292516
  0.001200	 -0.408281
  0.000989	 -0.511834
  0.001059	 -0.628759
  0.001059	 -0.729584
  0.000989	 -0.852648
  0.001059	 -0.952177
  0.000918	 -1.062280
 -0.027468	 -1.178522
 -0.027327	 -1.285078
 -0.027327	 -1.406641
 -0.027468	 -1.517972
 -0.027610	 -1.638512
 -0.027468	 -1.757960
 -0.027680	 -1.883002
 -0.027610	 -1.991945
 -0.027751	 -2.117534
 -0.027963	 -2.218359
 -0.028175	 -2.362911
 -0.032270	 -2.461417
 -0.034247	 -2.599080
 -0.035801	 -2.708841
 -0.037213	 -2.852984
 -0.039049	 -2.955038
 -0.040461	 -3.099317
 -0.042015	 -3.215696
 -0.043709	 -3.340124
 -0.044980	 -3.476354
 -0.046675	 -3.607673
 -0.048229	 -3.734830
 -0.049853	 -3.875494
 -0.051477	 -4.000809
 -0.053242	 -4.135606
 -0.054654	 -4.263923
 -0.056561	 -4.388488
 -0.058044	 -4.527242
 -0.059950	 -4.644917
 -0.061292	 -4.791038
 -0.062775	 -4.933408
 -0.064823	 -5.077415
 -0.066447	 -5.209961
 -0.068353	 -5.347487
 -0.069695	 -5.480442
 -0.071601	 -5.623835
 -0.073296	 -5.751879
 -0.075203	 -5.893430
 -0.076968	 -6.037232
 -0.078804	 -6.197952
 -0.080922	 -6.329680
 -0.082617	 -6.495107
 -0.084029	 -6.521575
 -0.080781	 -6.250889
 -0.077815	 -6.008103
 -0.074285	 -5.761703
 -0.071178	 -5.532970
 -0.068141	 -5.272721
 -0.065529	 -5.029594
 -0.062492	 -4.789265
 -0.059668	 -4.567695
 -0.056632	 -4.321021
 -0.053736	 -4.127557
 -0.051194	 -3.885112
 -0.048087	 -3.672957
 -0.045687	 -3.421712
 -0.043003	 -3.219380
 -0.040037	 -3.011385
 -0.037637	 -2.785995
 -0.034671	 -2.568450
 -0.028881	 -2.383172
 -0.028598	 -2.165149
 -0.028457	 -1.962476
 -0.028175	 -1.740565
 -0.028316	 -1.547714
 -0.027963	 -1.341425
 -0.028033	 -1.179682
 -0.027680	 -0.954906
 -0.027751	 -0.791798
 -0.027610	 -0.571797
 -0.027468	 -0.395047
 -0.027186	 -0.201650
 -0.007909	 -0.030493
  0.000353	  0.150010
  0.000494	  0.338904
  0.000282	  0.517497
  0.000424	  0.683469
  0.000424	  0.881095
  0.000353	  1.068283
  0.028810	  1.247695
  0.028810	  1.419671
  0.029093	  1.604949
  0.029163	  1.820447
  0.029234	  2.006953
  0.029516	  2.218495
  0.029587	  2.409026
  0.035589	  2.609722
  0.038131	  2.805710
  0.040814	  3.026870
  0.043356	  3.217333
  0.046040	  3.437743
  0.048582	  3.644373
  0.051406	  3.868536
  0.053878	  4.072301
  0.056632	  4.293188
  0.059315	  4.514281
  0.061998	  4.747243
  0.064611	  4.945005
  0.068071	  5.179809
  0.070825	  5.398650
  0.073296	  5.653510
  0.076121	  5.876580
  0.079440	  6.093239
  0.082405	  6.331795
  0.085512	  6.597569
  0.087913	  6.728274
  0.086218	  6.584130
  0.084382	  6.458883
  0.082829	  6.296390
  0.080922	  6.178510
  0.079157	  6.022088
  0.077321	  5.902708
  0.075626	  5.739259
  0.074073	  5.613876
  0.072237	  5.471438
  0.070684	  5.358811
  0.068918	  5.220535
  0.067224	  5.058655
  0.065317	  4.946028
  0.063764	  4.824328
  0.062422	  4.694784
  0.060657	  4.570492
  0.059315	  4.435763
  0.057973	  4.307514
  0.056208	  4.177083
  0.054443	  4.063637
  0.053171	  3.921813
  0.051406	  3.813757
  0.049994	  3.676299
  0.048511	  3.556441
  0.047028	  3.438562
  0.045475	  3.309631
  0.044062	  3.203894
  0.042227	  3.077556
  0.041097	  2.950262
  0.039473	  2.826039
  0.037990	  2.714299
  0.036436	  2.591576
  0.034459	  2.483656
  0.030222	  2.362502
  0.030081	  2.250284
  0.030081	  2.126811
  0.029940	  2.007431
  0.029940	  1.897806
  0.029657	  1.776788
  0.029516	  1.658909
  0.029657	  1.549352
  0.029516	  1.436793
  0.029375	  1.326213
  0.029446	  1.211335
  0.029446	  1.102665
  0.029234	  0.993722
  0.029234	  0.893920
  0.029234	  0.767172
  0.029093	  0.672691
  0.029022	  0.556858
  0.028951	  0.444299
  0.028951	  0.328125
  0.028810	  0.230847
  0.028669	  0.121427
  0.000989	  0.024899
  0.001059	 -0.097482
  0.000989	 -0.194283
  0.001059	 -0.301930
  0.000989	 -0.410532
  0.000989	 -0.524728
  0.001059	 -0.638105
  0.001130	 -0.740772
  0.000989	 -0.860766
  0.000989	 -0.955793
  0.000989	 -1.074286
 -0.027327	 -1.177431
 -0.027327	 -1.288420
 -0.027468	 -1.388700
 -0.027610	 -1.507944
 -0.027610	 -1.629575
 -0.027610	 -1.740565
 -0.027610	 -1.855579
 -0.027751	 -1.977006
 -0.027892	 -2.079809
 -0.027963	 -2.201646
 -0.028175	 -2.329962
 -0.032270	 -2.444840
 -0.033894	 -2.571383
 -0.035518	 -2.686739
 -0.037213	 -2.809667
 -0.038625	 -2.952377
 -0.040179	 -3.064663
 -0.041874	 -3.190387
 -0.043145	 -3.325730
 -0.044698	 -3.458140
 -0.046816	 -3.571245
 -0.048229	 -3.699289
 -0.049641	 -3.841863
 -0.051336	 -3.968542
 -0.052818	 -4.107296
 -0.054725	 -4.243185
 -0.056279	 -4.359018
 -0.058114	 -4.506913
 -0.059315	 -4.646827
 -0.061292	 -4.781352
 -0.062775	 -4.917718
 -0.064823	 -5.059474
 -0.066306	 -5.196386
 -0.068353	 -5.336913
 -0.069907	 -5.478123
 -0.072025	 -5.621379
 -0.073579	 -5.755495
 -0.075344	 -5.912463
 -0.077392	 -6.061995
 -0.079087	 -6.218758
 -0.081134	 -6.354374
 -0.082758	 -6.513116
 -0.083606	 -6.514139
 -0.080075	 -6.242157
 -0.077251	 -5.989548
 -0.074073	 -5.731005
 -0.071178	 -5.513187
 -0.068071	 -5.287046
 -0.065458	 -5.023386
 -0.062563	 -4.822828
 -0.059456	 -4.559713
 -0.056914	 -4.346466
 -0.054089	 -4.109889
 -0.050982	 -3.915742
 -0.048793	 -3.682643
 -0.045828	 -3.453092
 -0.043003	 -3.252465
 -0.040461	 -3.016570
 -0.037919	 -2.805710
 -0.035165	 -2.593622
 -0.031705	 -2.398998
 -0.028669	 -2.209218
 -0.028457	 -1.979462
 -0.028457	 -1.812602
 -0.028316	 -1.589463
 -0.028033	 -1.388291
 -0.027892	 -1.194553
 -0.027892	 -0.997405
 -0.027751	 -0.815470
 -0.027610	 -0.620300
 -0.027398	 -0.440206
 -0.027327	 -0.241353
