  0.074567	  5.658080
  0.073014	  5.532151
  0.071178	  5.404653
  0.069695	  5.280770
  0.068071	  5.141539
  0.066376	  5.008515
  0.064399	  4.874877
  0.063057	  4.758499
  0.061221	  4.601735
  0.059880	  4.480922
  0.058114	  4.359223
  0.056561	  4.244549
  0.055149	  4.097814
  0.053525	  3.990781
  0.052112	  3.842681
  0.050630	  3.738309
  0.048935	  3.594302
  0.047240	  3.480652
  0.045898	  3.356565
  0.044415	  3.227156
  0.042862	  3.112142
  0.041026	  2.987304
  0.039614	  2.847118
  0.038484	  2.737288
  0.036719	  2.623501
  0.034953	  2.513535
  0.032694	  2.380375
  0.030010	  2.274570
  0.029869	  2.143934
  0.029728	  2.040994
  0.029869	  1.920931
  0.029728	  1.799095
  0.029446	  1.686127
  0.029587	  1.572409
  0.029304	  1.458964
  0.029446	  1.350976
  0.029304	  1.233642
  0.029304	  1.129542
  0.029304	  1.012072
  0.029163	  0.920320
  0.029163	  0.802850
  0.029163	  0.700592
  0.029022	  0.588852
  0.028881	  0.485434
  0.028740	  0.387406
  0.028740	  0.265570
  0.028457	  0.176273
  0.026268	  0.062078
  0.000777	 -0.034791
 -0.026409	 -0.143052
 -0.026692	 -0.235759
 -0.026692	 -0.358277
 -0.026833	 -0.452281
 -0.026974	 -0.567909
 -0.027257	 -0.674055
 -0.027257	 -0.786409
 -0.027115	 -0.895830
 -0.027257	 -1.010367
 -0.027398	 -1.105598
 -0.027257	 -1.235893
 -0.027398	 -1.333853
 -0.027680	 -1.455348
 -0.027539	 -1.575956
 -0.027680	 -1.701885
 -0.027821	 -1.798959
 -0.027821	 -1.914383
 -0.027892	 -2.033490
 -0.027892	 -2.158191
 -0.028104	 -2.282620
 -0.029093	 -2.414074
 -0.033329	 -2.517151
 -0.034883	 -2.654881
 -0.036436	 -2.775762
 -0.037990	 -2.905785
 -0.039826	 -3.013432
 -0.041238	 -3.158530
 -0.042650	 -3.270747
 -0.044345	 -3.391355
 -0.045898	 -3.533725
 -0.047523	 -3.666681
 -0.049076	 -3.783469
 -0.050841	 -3.919221
 -0.052536	 -4.045218
 -0.054160	 -4.195774
 -0.055643	 -4.310652
 -0.057479	 -4.461890
 -0.058962	 -4.581543
 -0.060727	 -4.708700
 -0.062210	 -4.838927
 -0.063975	 -4.999374
 -0.065529	 -5.134308
 -0.067153	 -5.267877
 -0.068989	 -5.407313
 -0.070754	 -5.543202
 -0.072237	 -5.690347
 -0.074497	 -5.817231
 -0.075909	 -5.979384
 -0.078169	 -6.106200
 -0.079581	 -6.260166
 -0.081558	 -6.410176
 -0.083888	 -6.547225
 -0.081699	 -6.334114
 -0.078733	 -6.064656
 -0.075203	 -5.857138
 -0.072096	 -5.598186
 -0.069483	 -5.360653
 -0.065882	 -5.114184
 -0.063340	 -4.895274
 -0.060374	 -4.644576
 -0.057832	 -4.407998
 -0.054866	 -4.173399
 -0.051901	 -3.969565
 -0.049288	 -3.736740
 -0.046393	 -3.534203
 -0.043780	 -3.297625
 -0.041097	 -3.099999
 -0.038555	 -2.853394
 -0.035730	 -2.668184
 -0.032341	 -2.449888
 -0.028740	 -2.256492
 -0.028528	 -2.019164
 -0.028245	 -1.841254
 -0.028245	 -1.633464
 -0.028175	 -1.434815
 -0.027963	 -1.239645
 -0.027963	 -1.052252
 -0.027821	 -0.837231
 -0.027680	 -0.682924
 -0.027680	 -0.463468
 -0.027398	 -0.287536
 -0.026974	 -0.092844
  0.000353	  0.074562
  0.028104	  0.244286
  0.028316	  0.421992
  0.028316	  0.630396
  0.028457	  0.805033
  0.028740	  0.999793
  0.028598	  1.184253
  0.028951	  1.380377
  0.029022	  1.547100
  0.029022	  1.738109
  0.029163	  1.958860
  0.029304	  2.144548
  0.029446	  2.348108
  0.034812	  2.514695
  0.037354	  2.737424
  0.039614	  2.930752
  0.042297	  3.147137
  0.044839	  3.318704
  0.047664	  3.537955
  0.049711	  3.756318
  0.052607	  3.971953
  0.055078	  4.191613
  0.058397	  4.401313
  0.060727	  4.640619
  0.063481	  4.876242
  0.066235	  5.083486
  0.069483	  5.303691
  0.072025	  5.541497
  0.075132	  5.761157
  0.078239	  6.003124
  0.080993	  6.261394
  0.083888	  6.494425
  0.086995	  6.723908
  0.086854	  6.649414
  0.084736	  6.468229
  0.083041	  6.336092
  0.081205	  6.188811
  0.079440	  6.071204
  0.077533	  5.928357
  0.075838	  5.792605
  0.074426	  5.633727
  0.072449	  5.516120
  0.070754	  5.386234
  0.069342	  5.261124
  0.067365	  5.103815
  0.066164	  5.002853
  0.064258	  4.862871
  0.062704	  4.733463
  0.061080	  4.591025
  0.059597	  4.464482
  0.057691	  4.334528
  0.056490	  4.202323
  0.054725	  4.069845
  0.053313	  3.961789
  0.051689	  3.813484
  0.050065	  3.691034
  0.048229	  3.573018
  0.046887	  3.445043
  0.045687	  3.339033
  0.043992	  3.212149
  0.042580	  3.083627
  0.040885	  2.973524
  0.039614	  2.847663
  0.038202	  2.720984
  0.036366	  2.608903
  0.034812	  2.489386
  0.032553	  2.380921
  0.030152	  2.261881
  0.029940	  2.146935
  0.029869	  2.044882
  0.029728	  1.916292
  0.029587	  1.796912
  0.029587	  1.688447
  0.029587	  1.581277
  0.029587	  1.478815
  0.029304	  1.358275
  0.029304	  1.259087
  0.029375	  1.130224
  0.029163	  1.026671
  0.029375	  0.915272
  0.029163	  0.817380
  0.029163	  0.690291
  0.029022	  0.599289
  0.028881	  0.474110
  0.028740	  0.374513
  0.028598	  0.258407
  0.028457	  0.164813
  0.018854	  0.049389
  0.001059	 -0.053619
 -0.026551	 -0.146599
 -0.026692	 -0.265024
 -0.026762	 -0.370556
 -0.026974	 -0.467834
 -0.027186	 -0.593286
 -0.027115	 -0.690632
 -0.027115	 -0.802440
 -0.027257	 -0.919092
 -0.027398	 -1.026329
 -0.027257	 -1.135341
 -0.027539	 -1.252811
 -0.027327	 -1.370213
 -0.027680	 -1.482771
 -0.027680	 -1.603175
 -0.027680	 -1.718462
 -0.027821	 -1.820993
 -0.027680	 -1.962476
 -0.027963	 -2.066302
 -0.027963	 -2.174495
 -0.028104	 -2.304654
 -0.031635	 -2.409163
 -0.033259	 -2.546689
 -0.035165	 -2.657883
 -0.036860	 -2.767713
 -0.038272	 -2.884910
 -0.039684	 -3.026120
 -0.041238	 -3.151231
 -0.042650	 -3.275318
 -0.044204	 -3.391287
 -0.046040	 -3.534612
 -0.047169	 -3.661360
 -0.049076	 -3.782377
 -0.050559	 -3.913900
 -0.052324	 -4.040170
 -0.053736	 -4.172648
 -0.055360	 -4.315427
 -0.057126	 -4.431328
 -0.058891	 -4.595323
 -0.060445	 -4.701469
 -0.061928	 -4.842747
 -0.063905	 -4.979182
 -0.065599	 -5.124621
 -0.067435	 -5.272107
 -0.069201	 -5.405881
 -0.070754	 -5.551116
 -0.072520	 -5.700989
 -0.074426	 -5.844314
 -0.076262	 -5.994869
 -0.078451	 -6.124892
 -0.080216	 -6.295571
 -0.082123	 -6.416862
 -0.084241	 -6.551181
 -0.081629	 -6.308396
 -0.078451	 -6.048556
 -0.075273	 -5.810546
 -0.072166	 -5.558824
 -0.068989	 -5.346123
 -0.066164	 -5.070866
 -0.063057	 -4.854480
 -0.060021	 -4.621109
 -0.057408	 -4.382758
 -0.054443	 -4.168010
 -0.051689	 -3.926657
 -0.048935	 -3.694036
 -0.046463	 -3.490816
 -0.043498	 -3.293395
 -0.040955	 -3.060160
 -0.038343	 -2.872290
 -0.035871	 -2.667502
 -0.032764	 -2.463736
 -0.028669	 -2.243531
 -0.028528	 -2.049999
 -0.028386	 -1.861446
 -0.028386	 -1.657203
 -0.028104	 -1.466399
 -0.028104	 -1.256222
 -0.027821	 -1.076264
 -0.027821	 -0.889622
 -0.027821	 -0.673646
 -0.027539	 -0.516064
 -0.027398	 -0.315914
 -0.026974	 -0.139777
  0.000353	  0.061396
  0.028033	  0.214407
  0.028316	  0.407189
  0.028528	  0.583122
  0.028457	  0.794391
  0.028457	  0.973393
  0.028598	  1.165152
  0.028740	  1.331807
  0.028881	  1.549352
  0.028881	  1.712800
  0.029022	  1.941192
  0.029304	  2.128789
  0.029446	  2.344424
  0.034389	  2.511011
  0.037496	  2.738857
  0.039614	  2.934641
  0.042721	  3.136632
  0.045263	  3.334189
  0.047523	  3.570904
  0.049994	  3.762867
  0.052748	  4.009063
  0.055431	  4.216239
  0.057973	  4.438218
  0.060939	  4.652148
  0.063622	  4.887566
  0.066659	  5.082872
  0.069201	  5.332752
  0.072166	  5.523147
  0.075132	  5.768661
  0.077745	  6.009468
  0.080781	  6.248160
  0.084453	  6.465091
  0.086995	  6.677315
  0.086289	  6.592999
  0.084453	  6.459497
  0.082617	  6.301574
  0.081064	  6.181921
  0.079228	  6.032184
  0.077745	  5.907687
  0.075980	  5.770503
  0.074285	  5.644505
  0.072308	  5.510049
  0.070966	  5.368361
  0.069059	  5.240113
  0.067506	  5.122711
  0.065952	  4.980205
  0.064399	  4.857209
  0.062422	  4.723571
  0.061292	  4.593413
  0.059456	  4.460116
  0.057903	  4.351173
  0.056490	  4.197821
  0.054866	  4.093789
  0.053171	  3.944257
  0.051759	  3.842272
  0.050206	  3.694718
  0.048440	  3.577384
  0.047169	  3.448863
  0.045545	  3.332075
  0.044274	  3.212763
  0.042721	  3.083968
  0.041026	  2.957766
  0.039614	  2.838659
  0.038131	  2.729852
  0.036577	  2.605697
  0.034671	  2.487749
  0.031281	  2.371370
  0.029869	  2.251854
  0.030010	  2.140659
  0.029799	  2.030284
  0.029728	  1.921614
  0.029728	  1.799027
  0.029587	  1.679033
  0.029587	  1.564564
  0.029446	  1.467968
  0.029446	  1.337810
  0.029446	  1.244966
  0.029234	  1.125040
  0.029304	  1.021895
  0.029022	  0.907972
  0.029022	  0.796437
  0.029022	  0.691587
  0.029093	  0.581416
  0.029022	  0.491983
  0.028881	  0.369260
  0.028669	  0.275666
  0.028669	  0.168088
  0.019984	  0.063306
 -0.010027	 -0.040726
 -0.026692	 -0.141278
 -0.026692	 -0.257452
 -0.026762	 -0.349000
 -0.026974	 -0.459375
 -0.027115	 -0.574322
 -0.026974	 -0.681832
 -0.027115	 -0.778155
 -0.027115	 -0.906881
 -0.027398	 -1.009889
 -0.027257	 -1.123198
 -0.027398	 -1.226820
 -0.027398	 -1.357525
 -0.027680	 -1.459987
 -0.027680	 -1.582915
 -0.027821	 -1.690971
 -0.027680	 -1.809055
 -0.027821	 -1.919976
 -0.027963	 -2.043177
 -0.027821	 -2.169242
 -0.028104	 -2.295171
 -0.028810	 -2.399817
 -0.033047	 -2.535160
 -0.035024	 -2.641511
 -0.036719	 -2.767235
 -0.038202	 -2.891323
 -0.039826	 -3.033215
 -0.041167	 -3.164465
 -0.043074	 -3.282208
 -0.044627	 -3.415777
 -0.046181	 -3.540342
 -0.047805	 -3.662519
 -0.049288	 -3.811370
 -0.050841	 -3.935116
 -0.052395	 -4.069095
 -0.054160	 -4.197548
 -0.056067	 -4.328047
 -0.057408	 -4.464960
 -0.058962	 -4.597438
 -0.060657	 -4.735237
 -0.062492	 -4.852775
 -0.064046	 -4.995281
 -0.065882	 -5.131306
 -0.067294	 -5.287729
 -0.069554	 -5.413112
 -0.070966	 -5.565373
 -0.073084	 -5.696760
 -0.074779	 -5.855297
 -0.076474	 -5.993914
 -0.078451	 -6.130008
 -0.080146	 -6.285339
 -0.081982	 -6.430232
 -0.083676	 -6.583721
 -0.081840	 -6.327838
 -0.078522	 -6.111521
 -0.075273	 -5.863551
 -0.072731	 -5.619128
 -0.069413	 -5.346668
 -0.066588	 -5.116708
 -0.063340	 -4.876378
 -0.060515	 -4.673500
 -0.057338	 -4.423620
 -0.055008	 -4.179197
 -0.051901	 -3.960151
 -0.049217	 -3.756455
 -0.046534	 -3.492863
 -0.043780	 -3.315225
 -0.041097	 -3.061116
 -0.038696	 -2.859533
 -0.035448	 -2.652835
 -0.032623	 -2.453299
 -0.028669	 -2.237323
 -0.028386	 -2.037037
 -0.028386	 -1.815126
 -0.028104	 -1.639740
 -0.028245	 -1.427720
 -0.028104	 -1.231459
 -0.028104	 -1.021895
 -0.027821	 -0.860289
 -0.027680	 -0.640492
 -0.027539	 -0.482842
 -0.027398	 -0.268367
 -0.027115	 -0.105055
  0.017583	  0.073538
  0.028033	  0.248379
  0.028316	  0.454668
  0.028386	  0.635035
  0.028457	  0.808648
  0.028598	  0.978168
  0.028598	  1.175384
  0.028740	  1.346542
  0.028881	  1.551876
  0.029163	  1.735380
  0.028881	  1.913564
  0.029304	  2.141614
  0.029304	  2.309565
  0.034530	  2.542255
  0.037354	  2.715936
  0.039967	  2.954765
  0.042297	  3.142635
  0.044698	  3.358748
  0.047664	  3.535021
  0.050276	  3.758842
  0.052677	  3.983414
  0.055149	  4.184518
  0.057620	  4.403632
  0.060798	  4.614901
  0.063128	  4.853662
  0.066306	  5.084714
  0.068777	  5.312219
  0.072025	  5.526353
  0.074920	  5.728003
  0.077745	  6.006875
  0.080357	  6.225853
  0.084029	  6.455063
  0.086713	  6.684819
  0.086430	  6.596682
  0.084665	  6.464750
  0.082900	  6.319243
  0.081205	  6.179329
  0.079510	  6.040029
  0.077533	  5.924674
  0.075980	  5.775551
  0.074426	  5.645324
  0.072449	  5.501453
  0.070684	  5.385484
  0.069059	  5.239840
  0.067647	  5.111046
  0.065670	  4.977067
  0.064258	  4.834902
  0.062281	  4.709109
  0.060727	  4.589320
  0.059174	  4.451589
  0.057761	  4.321362
  0.055925	  4.193045
  0.054654	  4.069026
  0.053242	  3.953944
  0.051336	  3.822216
  0.049994	  3.706315
  0.048440	  3.582637
  0.047099	  3.465098
  0.045828	  3.326344
  0.044133	  3.223200
  0.042580	  3.089289
  0.041379	  2.973729
  0.039755	  2.852984
  0.038060	  2.750727
  0.036366	  2.626503
  0.035095	  2.503166
  0.030717	  2.388561
  0.030152	  2.263996
  0.029869	  2.152052
  0.029869	  2.034104
  0.029587	  1.920181
  0.029587	  1.818537
  0.029446	  1.691585
  0.029304	  1.586325
  0.029587	  1.457258
  0.029446	  1.353022
  0.029516	  1.240600
  0.029163	  1.129133
  0.029304	  1.022100
  0.029022	  0.907904
  0.029022	  0.801212
  0.028881	  0.695544
  0.029022	  0.582985
  0.028881	  0.472473
  0.028881	  0.371170
  0.028881	  0.255201
  0.028457	  0.156081
  0.017583	  0.044751
 -0.003460	 -0.051982
 -0.026409	 -0.151647
 -0.026692	 -0.263387
 -0.026833	 -0.365031
 -0.026904	 -0.479977
 -0.026974	 -0.584486
 -0.027115	 -0.701820
 -0.026974	 -0.814856
 -0.027257	 -0.923935
 -0.027257	 -1.025647
 -0.027257	 -1.157716
 -0.027539	 -1.263930
 -0.027398	 -1.388291
 -0.027539	 -1.495460
 -0.027539	 -1.597036
 -0.027539	 -1.721259
 -0.027680	 -1.832522
 -0.027821	 -1.941738
 -0.027821	 -2.049999
 -0.028104	 -2.186092
 -0.028245	 -2.288554
 -0.031352	 -2.416530
 -0.033682	 -2.531340
 -0.035165	 -2.658974
 -0.036507	 -2.763211
 -0.038131	 -2.890231
 -0.039614	 -3.021891
 -0.041238	 -3.146183
 -0.042650	 -3.274636
 -0.044345	 -3.404385
 -0.045898	 -3.530314
 -0.047523	 -3.667636
 -0.049147	 -3.777875
 -0.050559	 -3.928976
 -0.052254	 -4.054701
 -0.054301	 -4.185064
 -0.055643	 -4.315836
 -0.057408	 -4.466256
 -0.059032	 -4.590821
 -0.060727	 -4.728688
 -0.062281	 -4.865600
 -0.064046	 -4.994735
 -0.066094	 -5.131443
 -0.067506	 -5.291822
 -0.069554	 -5.415159
 -0.071249	 -5.579426
 -0.073084	 -5.706242
 -0.075062	 -5.859594
 -0.076686	 -5.997120
 -0.078451	 -6.172098
 -0.080428	 -6.291342
 -0.082405	 -6.462294
 -0.084382	 -6.572670
 -0.081417	 -6.284247
 -0.078310	 -6.047260
 -0.075203	 -5.813206
 -0.071743	 -5.578744
 -0.068706	 -5.320814
 -0.065741	 -5.088329
 -0.062916	 -4.845612
 -0.059809	 -4.626566
 -0.057408	 -4.381325
 -0.054725	 -4.154503
 -0.051618	 -3.955376
 -0.049005	 -3.710749
 -0.046181	 -3.527517
 -0.043639	 -3.303628
 -0.041238	 -3.099249
 -0.038555	 -2.866423
 -0.036013	 -2.673164
 -0.032623	 -2.459575
 -0.028810	 -2.246669
 -0.028669	 -2.037992
 -0.028457	 -1.861309
 -0.028386	 -1.660546
 -0.028104	 -1.463944
 -0.028104	 -1.243738
 -0.028104	 -1.059142
 -0.027680	 -0.875842
 -0.027680	 -0.698477
 -0.027680	 -0.484957
 -0.027468	 -0.316187
 -0.026904	 -0.123883
  0.000353	  0.041954
  0.027963	  0.246947
  0.028033	  0.426836
  0.028316	  0.618663
  0.028457	  0.778223
  0.028598	  0.977895
  0.028598	  1.149666
  0.028881	  1.371441
  0.028881	  1.537891
  0.028951	  1.742611
  0.029022	  1.943443
  0.029163	  2.154507
  0.029304	  2.334055
  0.035095	  2.537275
  0.037354	  2.749090
  0.040320	  2.941735
  0.042438	  3.162896
  0.045404	  3.358748
  0.047664	  3.579703
  0.050418	  3.785515
  0.053171	  3.987507
  0.055643	  4.230906
  0.058114	  4.427440
  0.060868	  4.653990
  0.063481	  4.880198
  0.066517	  5.075368
  0.069483	  5.310036
  0.071884	  5.540951
  0.074991	  5.773640
  0.077604	  5.995415
  0.080640	  6.235949
  0.083606	  6.454449
  0.086571	  6.685160
  0.086430	  6.629222
  0.084736	  6.496062
  0.083182	  6.350964
  0.081346	  6.203819
  0.079651	  6.070181
  0.077815	  5.931768
  0.076191	  5.806521
  0.074285	  5.658149
  0.072873	  5.519122
  0.070895	  5.385211
  0.069201	  5.269037
  0.067788	  5.108726
  0.066164	  4.993030
  0.064470	  4.847113
  0.062845	  4.740830
  0.061221	  4.594095
  0.059597	  4.472873
  0.057973	  4.350082
  0.056490	  4.215284
  0.054866	  4.076803
  0.053242	  3.959265
  0.051830	  3.827537
  0.050065	  3.723437
  0.048582	  3.589322
  0.047169	  3.454593
  0.045475	  3.340806
  0.044133	  3.220267
  0.042580	  3.087788
  0.041238	  2.972638
  0.039543	  2.857146
  0.038202	  2.727465
  0.036366	  2.615452
  0.034671	  2.499960
  0.030575	  2.372462
  0.030010	  2.274161
  0.030010	  2.137658
  0.029728	  2.026464
  0.029869	  1.904082
  0.029446	  1.799095
  0.029728	  1.684627
  0.029446	  1.576707
  0.029728	  1.468173
  0.029304	  1.361345
  0.029446	  1.255403
  0.029304	  1.131384
  0.029163	  1.037517
  0.029234	  0.930552
  0.029304	  0.812536
  0.029022	  0.702502
  0.029022	  0.610204
  0.029022	  0.505286
  0.028740	  0.391226
  0.028598	  0.280373
  0.028669	  0.174636
  0.025774	  0.071901
  0.000918	 -0.019442
 -0.026551	 -0.133160
 -0.026833	 -0.244150
 -0.026974	 -0.348932
 -0.026974	 -0.453577
 -0.027115	 -0.579233
 -0.027115	 -0.671736
 -0.027115	 -0.787228
 -0.027327	 -0.901628
 -0.027257	 -1.012891
 -0.027327	 -1.120742
 -0.027327	 -1.247558
 -0.027539	 -1.356842
 -0.027539	 -1.470288
 -0.027680	 -1.571795
 -0.027539	 -1.706115
 -0.027680	 -1.822494
 -0.027963	 -1.935939
 -0.027963	 -2.042085
 -0.027963	 -2.164467
 -0.028104	 -2.289441
 -0.030222	 -2.411755
 -0.033188	 -2.526292
 -0.035165	 -2.653108
 -0.036436	 -2.772352
 -0.038272	 -2.894051
 -0.039826	 -3.014114
 -0.041520	 -3.149798
 -0.042791	 -3.268701
 -0.044627	 -3.401793
 -0.045898	 -3.526835
 -0.047593	 -3.647170
 -0.049005	 -3.786879
 -0.050488	 -3.913900
 -0.052395	 -4.034167
 -0.053736	 -4.162416
 -0.055360	 -4.292574
 -0.056985	 -4.435626
 -0.058538	 -4.568854
 -0.060233	 -4.703857
 -0.061928	 -4.836335
 -0.063481	 -4.974338
 -0.065388	 -5.111182
 -0.067082	 -5.227970
 -0.068848	 -5.387803
 -0.070684	 -5.517212
 -0.072802	 -5.666266
 -0.074144	 -5.815594
 -0.076050	 -5.969288
 -0.077886	 -6.103608
 -0.079863	 -6.255118
 -0.081699	 -6.400012
 -0.083818	 -6.539448
 -0.081699	 -6.361333
 -0.078027	 -6.087372
 -0.075626	 -5.838720
 -0.072237	 -5.573082
 -0.069413	 -5.343121
 -0.066164	 -5.094946
 -0.063481	 -4.877606
 -0.060303	 -4.637891
 -0.057479	 -4.424166
 -0.054796	 -4.161734
 -0.051759	 -3.969224
 -0.048864	 -3.734625
 -0.046605	 -3.502413
 -0.043921	 -3.270338
 -0.041238	 -3.066505
 -0.038555	 -2.844389
 -0.035659	 -2.641101
 -0.032764	 -2.427854
 -0.028740	 -2.249807
 -0.028528	 -2.037037
 -0.028386	 -1.850940
 -0.028245	 -1.637830
 -0.028316	 -1.440136
 -0.027963	 -1.254448
 -0.027821	 -1.062485
 -0.027680	 -0.898354
 -0.027821	 -0.687767
 -0.027539	 -0.508287
 -0.027398	 -0.323623
 -0.027115	 -0.156491
  0.000424	  0.043796
  0.027892	  0.212497
  0.028175	  0.378742
  0.028316	  0.575686
  0.028316	  0.751073
  0.028457	  0.950813
  0.028457	  1.132748
  0.028810	  1.315980
  0.028881	  1.536254
  0.028881	  1.704137
  0.029022	  1.926934
  0.029163	  2.102117
  0.029304	  2.307655
  0.034106	  2.519607
  0.037213	  2.707340
  0.039755	  2.905102
  0.042156	  3.133085
  0.044769	  3.339442
  0.047664	  3.534134
  0.050276	  3.742197
  0.052677	  3.959469
  0.055290	  4.186155
  0.057973	  4.418708
  0.060515	  4.622610
  0.063269	  4.862462
  0.065952	  5.070729
  0.068918	  5.318767
  0.071884	  5.528126
  0.074708	  5.771458
  0.077674	  5.981158
  0.080922	  6.209003
  0.083464	  6.456155
  0.086501	  6.687411
  0.086854	  6.616943
  0.084736	  6.495653
  0.083182	  6.367677
  0.081487	  6.227900
  0.079793	  6.082801
  0.078380	  5.958919
  0.076403	  5.802224
  0.074497	  5.680933
  0.072873	  5.534812
  0.071319	  5.409701
  0.069766	  5.270606
  0.068283	  5.147133
  0.066306	  5.028503
  0.064823	  4.895820
  0.062845	  4.759181
  0.061292	  4.631205
  0.059880	  4.496408
  0.058538	  4.371365
  0.056632	  4.247619
  0.055290	  4.125578
  0.053595	  3.997057
  0.051971	  3.873243
  0.050418	  3.737217
  0.048935	  3.625409
  0.047452	  3.478674
  0.046110	  3.377576
  0.044133	  3.243051
  0.042862	  3.115894
  0.041450	  2.993580
  0.039826	  2.886002
  0.038343	  2.762119
  0.036931	  2.642670
  0.035377	  2.512239
  0.033259	  2.402818
  0.030010	  2.292784
  0.030010	  2.169379
  0.029869	  2.044132
  0.029728	  1.945967
  0.029728	  1.814308
  0.029587	  1.714028
  0.029446	  1.584415
  0.029446	  1.472471
  0.029375	  1.360390
  0.029375	  1.249332
  0.029304	  1.145983
  0.029163	  1.031105
  0.029163	  0.917182
  0.029093	  0.822701
  0.028951	  0.703321
  0.029022	  0.593218
  0.028951	  0.478340
  0.028740	  0.377173
  0.028740	  0.271369
  0.028457	  0.166928
  0.027327	  0.064397
  0.000918	 -0.033426
 -0.026409	 -0.127157
 -0.026692	 -0.236441
 -0.026974	 -0.347840
 -0.026833	 -0.458352
 -0.027115	 -0.554266
 -0.027115	 -0.673646
 -0.027045	 -0.770173
 -0.027327	 -0.886279
 -0.027327	 -0.999998
 -0.027327	 -1.119855
 -0.027398	 -1.228867
 -0.027539	 -1.343608
 -0.027539	 -1.441364
 -0.027680	 -1.565314
 -0.027539	 -1.678623
 -0.027821	 -1.797594
 -0.027821	 -1.918475
 -0.027963	 -2.033217
 -0.028104	 -2.145639
 -0.028104	 -2.271568
 -0.029799	 -2.389311
 -0.033118	 -2.522472
 -0.034883	 -2.634143
 -0.036436	 -2.772079
 -0.038060	 -2.879385
 -0.039543	 -3.016024
 -0.040955	 -3.137246
 -0.042438	 -3.265972
 -0.044204	 -3.396199
 -0.045969	 -3.515306
 -0.047593	 -3.641099
 -0.049288	 -3.791382
 -0.050559	 -3.915333
 -0.052395	 -4.049721
 -0.054089	 -4.175309
 -0.055502	 -4.309560
 -0.057267	 -4.436308
 -0.058962	 -4.582839
 -0.060657	 -4.706312
 -0.062351	 -4.850319
 -0.063764	 -4.989210
 -0.065599	 -5.133353
 -0.067506	 -5.253347
 -0.068989	 -5.384870
 -0.070895	 -5.548933
 -0.072308	 -5.684890
 -0.074355	 -5.825349
 -0.075909	 -5.967241
 -0.078027	 -6.101288
 -0.079722	 -6.255118
 -0.081558	 -6.389097
 -0.083676	 -6.541631
 -0.081699	 -6.370678
 -0.079016	 -6.101834
 -0.075485	 -5.879446
 -0.072590	 -5.647507
 -0.069836	 -5.394489
 -0.067012	 -5.150816
 -0.063905	 -4.893023
 -0.061080	 -4.679435
 -0.058185	 -4.443744
 -0.055360	 -4.212692
 -0.052536	 -3.974955
 -0.049711	 -3.761434
 -0.046958	 -3.527176
 -0.044345	 -3.318363
 -0.041450	 -3.110641
 -0.038696	 -2.906603
 -0.036224	 -2.675415
 -0.033471	 -2.466329
 -0.028669	 -2.272933
 -0.028740	 -2.060572
 -0.028457	 -1.846574
 -0.028528	 -1.651064
 -0.028245	 -1.444775
 -0.027892	 -1.264067
 -0.027963	 -1.057368
 -0.027821	 -0.892828
 -0.027821	 -0.694998
 -0.027539	 -0.498327
 -0.027398	 -0.304454
 -0.027045	 -0.126884
  0.000282	  0.064261
  0.028033	  0.215635
  0.028316	  0.426904
  0.028316	  0.601608
  0.028457	  0.803805
  0.028598	  0.961045
  0.028598	  1.180364
  0.028881	  1.349475
  0.028740	  1.538164
  0.029022	  1.748341
  0.029163	  1.935189
  0.029163	  2.140250
  0.029657	  2.312294
  0.034389	  2.526633
  0.037354	  2.719688
  0.039896	  2.940507
  0.042156	  3.141612
  0.044698	  3.347901
  0.047381	  3.522810
  0.049923	  3.762594
  0.052465	  3.943097
  0.054866	  4.176946
  0.057761	  4.363793
  0.060303	  4.617562
  0.063269	  4.802567
  0.066023	  5.066841
  0.068777	  5.287456
  0.071884	  5.502750
  0.074708	  5.722136
  0.077392	  5.977064
  0.079934	  6.197406
  0.083182	  6.411950
  0.086430	  6.640341
  0.086995	  6.634611
  0.085018	  6.517414
  0.083606	  6.361401
  0.081487	  6.234039
  0.079863	  6.090919
  0.078169	  5.946094
  0.076262	  5.798199
  0.074426	  5.680046
  0.072943	  5.532424
  0.071319	  5.400560
  0.069624	  5.271766
  0.067859	  5.148497
  0.066235	  5.011039
  0.064682	  4.876651
  0.062845	  4.750858
  0.061433	  4.606579
  0.059668	  4.471781
  0.058044	  4.352265
  0.056349	  4.226335
  0.055219	  4.095563
  0.053242	  3.969838
  0.052183	  3.848139
  0.050418	  3.737081
  0.048793	  3.603375
  0.047381	  3.494091
  0.045969	  3.361476
  0.044557	  3.244688
  0.042862	  3.123534
  0.041591	  2.996036
  0.039755	  2.890709
  0.038484	  2.767645
  0.036931	  2.649356
  0.035518	  2.536456
  0.033541	  2.419395
  0.030081	  2.305336
  0.029728	  2.192641
  0.030010	  2.072442
  0.029728	  1.961862
  0.029728	  1.850395
  0.029446	  1.732038
  0.029728	  1.613476
  0.029516	  1.503168
  0.029446	  1.404594
  0.029516	  1.274641
  0.029375	  1.165561
  0.029304	  1.049933
  0.029163	  0.947129
  0.029163	  0.837777
  0.029022	  0.731767
  0.029022	  0.613274
  0.028951	  0.513131
  0.028740	  0.410736
  0.028881	  0.297291
  0.028598	  0.193805
  0.027610	  0.089569
  0.000918	 -0.014121
 -0.026621	 -0.114605
 -0.026692	 -0.223821
 -0.026833	 -0.341905
 -0.026974	 -0.451257
 -0.026904	 -0.557404
 -0.027257	 -0.672964
 -0.027115	 -0.764170
 -0.027398	 -0.890782
 -0.027257	 -0.986422
 -0.027539	 -1.108736
 -0.027398	 -1.213245
 -0.027539	 -1.338356
 -0.027539	 -1.442523
 -0.027680	 -1.564087
 -0.027680	 -1.667163
 -0.027610	 -1.774332
 -0.027821	 -1.900262
 -0.027680	 -2.014253
 -0.028104	 -2.138408
 -0.028104	 -2.250148
 -0.028104	 -2.382217
 -0.032906	 -2.487749
 -0.034600	 -2.603718
 -0.036154	 -2.720097
 -0.037425	 -2.857964
 -0.039261	 -2.963838
 -0.040602	 -3.098771
 -0.042509	 -3.218561
 -0.043780	 -3.362431
 -0.045333	 -3.484950
 -0.046887	 -3.608900
 -0.048370	 -3.735444
 -0.050276	 -3.887432
 -0.051971	 -4.005243
 -0.053666	 -4.141541
 -0.055008	 -4.257306
 -0.056490	 -4.408612
 -0.058326	 -4.519465
 -0.060233	 -4.669270
 -0.061716	 -4.793699
 -0.063693	 -4.937365
 -0.065034	 -5.069706
 -0.067012	 -5.218693
 -0.068565	 -5.371090
 -0.070401	 -5.523965
 -0.072096	 -5.660195
 -0.073932	 -5.797107
 -0.075626	 -5.947731
 -0.077462	 -6.103539
 -0.079369	 -6.245909
 -0.081699	 -6.379206
 -0.083111	 -6.541426
 -0.082546	 -6.374635
 -0.079298	 -6.175372
 -0.076191	 -5.881765
 -0.073367	 -5.654124
 -0.070119	 -5.397490
 -0.066870	 -5.186289
 -0.064399	 -4.913830
 -0.061433	 -4.697512
 -0.058326	 -4.454250
 -0.055431	 -4.251985
 -0.052677	 -4.036964
 -0.050347	 -3.793906
 -0.047593	 -3.585093
 -0.044486	 -3.380987
 -0.042227	 -3.142499
 -0.039543	 -2.928365
 -0.037001	 -2.731353
 -0.033894	 -2.532295
 -0.028951	 -2.316865
 -0.028528	 -2.106619
 -0.028528	 -1.913837
 -0.028386	 -1.728968
 -0.028245	 -1.538573
 -0.028245	 -1.311410
 -0.027963	 -1.132680
 -0.027821	 -0.946720
 -0.027680	 -0.745342
 -0.027821	 -0.560201
 -0.027398	 -0.385837
 -0.027398	 -0.191145
 -0.000353	 -0.001637
  0.027751	  0.188075
  0.028316	  0.361211
  0.028316	  0.542055
  0.028457	  0.720375
  0.028528	  0.914180
  0.028598	  1.111260
  0.028740	  1.311955
  0.028740	  1.499212
  0.029022	  1.697110
  0.029022	  1.872088
  0.029304	  2.087518
  0.029304	  2.262700
  0.033824	  2.493752
  0.036860	  2.669548
  0.039331	  2.907763
  0.041732	  3.103547
  0.044557	  3.313178
  0.047099	  3.524175
  0.049782	  3.751475
  0.052465	  3.937162
  0.054796	  4.180834
  0.057479	  4.391285
  0.060445	  4.606579
  0.063269	  4.813414
  0.066235	  5.050196
  0.068494	  5.277973
  0.071460	  5.521987
  0.074355	  5.731687
  0.077251	  5.933269
  0.080499	  6.196724
  0.083606	  6.420955
  0.086571	  6.651393
  0.087278	  6.674655
  0.085583	  6.533854
  0.083888	  6.396942
  0.082052	  6.247137
  0.080216	  6.123868
  0.078663	  5.980680
  0.076827	  5.849225
  0.075132	  5.735302
  0.073720	  5.586384
  0.071672	  5.460318
  0.070189	  5.333366
  0.068494	  5.195431
  0.066941	  5.050605
  0.064964	  4.922902
  0.063481	  4.799565
  0.061716	  4.648805
  0.060233	  4.528197
  0.058397	  4.397766
  0.057055	  4.270267
  0.055714	  4.132878
  0.054019	  4.009063
  0.052465	  3.873311
  0.050841	  3.768938
  0.049429	  3.637961
  0.047664	  3.513533
  0.046322	  3.396881
  0.044839	  3.266518
  0.043286	  3.134722
  0.041874	  3.022027
  0.040179	  2.909741
  0.038908	  2.781015
  0.037213	  2.665114
  0.035377	  2.549963
  0.033682	  2.417076
  0.030010	  2.306564
  0.029869	  2.186365
  0.029728	  2.081242
  0.029869	  1.965818
  0.029799	  1.844733
  0.029657	  1.735380
  0.029587	  1.618388
  0.029516	  1.504396
  0.029304	  1.406095
  0.029446	  1.299676
  0.029304	  1.177499
  0.029163	  1.068488
  0.029304	  0.960909
  0.029163	  0.857833
  0.029163	  0.756530
  0.029022	  0.643289
  0.029022	  0.525683
  0.028740	  0.429223
  0.028740	  0.323759
  0.028740	  0.207722
  0.028386	  0.095368
  0.000918	 -0.003547
 -0.026409	 -0.097960
 -0.026551	 -0.215976
 -0.026974	 -0.317415
 -0.026974	 -0.420355
 -0.027045	 -0.535506
 -0.026974	 -0.639264
 -0.027398	 -0.759259
 -0.027257	 -0.860971
 -0.027257	 -0.980283
 -0.027327	 -1.087520
 -0.027539	 -1.209015
 -0.027398	 -1.312365
 -0.027468	 -1.439795
 -0.027468	 -1.540483
 -0.027821	 -1.665185
 -0.027680	 -1.776788
 -0.027680	 -1.901830
 -0.027892	 -2.011456
 -0.027821	 -2.151915
 -0.028104	 -2.262564
 -0.028386	 -2.389925
 -0.032906	 -2.495662
 -0.034600	 -2.633939
 -0.036154	 -2.752159
 -0.037849	 -2.882386
 -0.039190	 -2.992762
 -0.040673	 -3.124694
 -0.042227	 -3.245098
 -0.044133	 -3.376825
 -0.045545	 -3.504392
 -0.047169	 -3.637552
 -0.048723	 -3.767028
 -0.050559	 -3.901485
 -0.051971	 -4.030279
 -0.053454	 -4.146248
 -0.055219	 -4.280568
 -0.056843	 -4.406975
 -0.058467	 -4.540749
 -0.060021	 -4.684756
 -0.061928	 -4.827398
 -0.063340	 -4.961923
 -0.065034	 -5.098767
 -0.066941	 -5.229607
 -0.068565	 -5.376138
 -0.070401	 -5.515301
 -0.071813	 -5.656921
 -0.073649	 -5.795538
 -0.075697	 -5.931564
 -0.077745	 -6.070318
 -0.079581	 -6.227627
 -0.081276	 -6.379137
 -0.083111	 -6.529079
 -0.083464	 -6.451448
 -0.080146	 -6.188811
 -0.076897	 -5.966286
 -0.073508	 -5.712791
 -0.070401	 -5.468641
 -0.067435	 -5.228652
 -0.064752	 -4.965675
 -0.061786	 -4.725072
 -0.058962	 -4.507186
 -0.055855	 -4.261263
 -0.053030	 -4.070800
 -0.050276	 -3.835587
 -0.047876	 -3.602966
 -0.045051	 -3.373483
 -0.042509	 -3.164397
 -0.039402	 -2.957493
 -0.037142	 -2.733536
 -0.034177	 -2.516332
 -0.028810	 -2.319934
 -0.028528	 -2.099729
 -0.028528	 -1.930755
 -0.028245	 -1.713551
 -0.028104	 -1.523975
 -0.028245	 -1.303360
 -0.027963	 -1.134249
 -0.027963	 -0.912270
 -0.027821	 -0.736133
 -0.027680	 -0.533050
 -0.027398	 -0.371580
 -0.027398	 -0.199263
  0.000141	  0.003274
  0.027892	  0.171021
  0.028033	  0.361211
  0.028386	  0.515859
  0.028457	  0.722762
  0.028386	  0.899855
  0.028598	  1.096730
  0.028740	  1.261611
  0.029022	  1.478951
  0.028881	  1.647448
  0.029022	  1.859399
  0.029163	  2.029465
  0.029446	  2.243463
  0.032976	  2.450025
  0.036366	  2.650788
  0.038625	  2.853598
  0.041591	  3.074554
  0.043992	  3.270474
  0.046675	  3.487815
  0.049147	  3.697992
  0.052183	  3.900530
  0.054654	  4.109479
  0.057126	  4.366454
  0.060092	  4.554665
  0.062563	  4.790083
  0.065529	  5.000534
  0.068212	  5.266786
  0.071037	  5.475667
  0.074144	  5.709857
  0.076827	  5.936748
  0.080075	  6.182330
  0.083041	  6.378592
  0.086148	  6.626766
  0.087278	  6.693210
  0.085724	  6.536992
  0.084029	  6.412359
  0.082194	  6.257983
  0.080357	  6.128916
  0.078663	  5.997189
  0.076897	  5.872760
  0.075556	  5.728481
  0.074002	  5.601324
  0.071955	  5.474849
  0.070472	  5.333366
  0.068494	  5.197750
  0.066941	  5.080962
  0.065246	  4.927678
  0.063693	  4.804136
  0.062139	  4.681140
  0.060586	  4.536792
  0.058962	  4.416457
  0.057479	  4.286367
  0.055996	  4.162552
  0.054160	  4.037032
  0.052607	  3.930750
  0.051124	  3.785788
  0.049641	  3.669409
  0.048370	  3.540820
  0.046534	  3.436311
  0.045122	  3.310723
  0.043851	  3.181587
  0.042368	  3.054567
  0.040744	  2.936619
  0.039190	  2.811577
  0.037778	  2.698882
  0.035942	  2.574931
  0.034247	  2.467216
  0.030293	  2.350837
  0.030152	  2.221497
  0.029869	  2.111394
  0.029728	  2.002246
  0.029587	  1.876113
  0.029728	  1.760552
  0.029587	  1.639398
  0.029446	  1.528886
  0.029587	  1.409233
  0.029446	  1.304588
  0.029375	  1.182070
  0.029304	  1.088407
  0.029304	  0.959067
  0.029022	  0.860561
  0.029163	  0.755711
  0.028881	  0.640561
  0.029022	  0.533187
  0.029022	  0.420219
  0.028810	  0.307796
  0.028457	  0.211678
  0.028316	  0.091070
  0.000989	  0.002729
 -0.026339	 -0.104031
 -0.026621	 -0.207722
 -0.026833	 -0.333242
 -0.026833	 -0.424039
 -0.027115	 -0.531140
 -0.027115	 -0.648201
 -0.027115	 -0.757008
 -0.027257	 -0.865610
 -0.027398	 -0.971756
 -0.027327	 -1.085815
 -0.027398	 -1.184389
 -0.027539	 -1.309295
 -0.027539	 -1.417829
 -0.027539	 -1.536936
 -0.027751	 -1.643082
 -0.027680	 -1.753458
 -0.027892	 -1.875499
 -0.027821	 -2.003201
 -0.027892	 -2.115692
 -0.028104	 -2.236641
 -0.028104	 -2.359910
 -0.032482	 -2.486044
 -0.034459	 -2.590962
 -0.035801	 -2.720302
 -0.037566	 -2.837840
 -0.038978	 -2.976799
 -0.040602	 -3.101909
 -0.042227	 -3.229612
 -0.043568	 -3.353836
 -0.045333	 -3.488019
 -0.047028	 -3.596007
 -0.048723	 -3.736671
 -0.050135	 -3.879041
 -0.051901	 -4.015953
 -0.053242	 -4.133423
 -0.055078	 -4.280568
 -0.056420	 -4.394355
 -0.058397	 -4.551596
 -0.059950	 -4.667019
 -0.061786	 -4.829786
 -0.063622	 -4.965948
 -0.065458	 -5.093718
 -0.067012	 -5.237180
 -0.068848	 -5.388417
 -0.070401	 -5.532629
 -0.072378	 -5.669882
 -0.074073	 -5.826372
 -0.076191	 -5.975291
 -0.078239	 -6.099446
 -0.080005	 -6.262213
 -0.081699	 -6.418362
 -0.083888	 -6.569873
 -0.082405	 -6.433166
 -0.080005	 -6.173735
 -0.076615	 -5.923582
 -0.073790	 -5.691848
 -0.070825	 -5.449540
 -0.067859	 -5.212689
 -0.064752	 -4.974884
 -0.061928	 -4.728688
 -0.058962	 -4.495794
 -0.055996	 -4.280705
 -0.053383	 -4.051426
 -0.050559	 -3.857075
 -0.048017	 -3.619270
 -0.045333	 -3.406432
 -0.042791	 -3.174424
 -0.039826	 -2.973115
 -0.037284	 -2.747862
 -0.034600	 -2.566540
 -0.028951	 -2.349950
 -0.028457	 -2.137521
 -0.028528	 -1.923524
 -0.028386	 -1.747796
 -0.028245	 -1.517494
 -0.028245	 -1.332693
 -0.027963	 -1.148166
 -0.027821	 -0.964388
 -0.027821	 -0.757758
 -0.027680	 -0.565726
 -0.027468	 -0.362643
 -0.027257	 -0.199263
  0.000212	 -0.018078
  0.027751	  0.173818
  0.028033	  0.352683
  0.028175	  0.548194
  0.028457	  0.737224
  0.028457	  0.904630
  0.028669	  1.115899
  0.028740	  1.305202
  0.028881	  1.485091
  0.028810	  1.689061
  0.029093	  1.894190
  0.029163	  2.086563
  0.029516	  2.289305
  0.033400	  2.466874
  0.036789	  2.672754
  0.039049	  2.882864
  0.041803	  3.105457
  0.044415	  3.296056
  0.046534	  3.506847
  0.049641	  3.705292
  0.051901	  3.921609
  0.054584	  4.139427
  0.057126	  4.349468
  0.060092	  4.588706
  0.062987	  4.780669
  0.065246	  5.016496
  0.067788	  5.232882
  0.070895	  5.443401
  0.074073	  5.665994
  0.077109	  5.912804
  0.079510	  6.148154
  0.082758	  6.389097
  0.085583	  6.597774
  0.087419	  6.691777
  0.086007	  6.568031
  0.083888	  6.429073
  0.082476	  6.281791
  0.080640	  6.146721
  0.078663	  6.019223
  0.076968	  5.855638
  0.075132	  5.728071
  0.073296	  5.589863
  0.071955	  5.451928
  0.070048	  5.321223
  0.068212	  5.189564
  0.066659	  5.042556
  0.065246	  4.914443
  0.063269	  4.778759
  0.061998	  4.652762
  0.060092	  4.513189
  0.058467	  4.406907
  0.056843	  4.268767
  0.055431	  4.133969
  0.053948	  3.997398
  0.052465	  3.881702
  0.050700	  3.760138
  0.049217	  3.631139
  0.047664	  3.511077
  0.046252	  3.383579
  0.044698	  3.249464
  0.043003	  3.144341
  0.041591	  3.014523
  0.040179	  2.892960
  0.038767	  2.774807
  0.036860	  2.662522
  0.035377	  2.532227
  0.033400	  2.430174
  0.030081	  2.312840
  0.030081	  2.194824
  0.029869	  2.080355
  0.029799	  1.958246
  0.029587	  1.857216
  0.029516	  1.744385
  0.029446	  1.625960
  0.029446	  1.512037
  0.029516	  1.417147
  0.029446	  1.289034
  0.029163	  1.192439
  0.029234	  1.076060
  0.029022	  0.963433
  0.029304	  0.857560
  0.028951	  0.749231
  0.029163	  0.637832
  0.028881	  0.531549
  0.028881	  0.412033
  0.028669	  0.318711
  0.028528	  0.195852
  0.028457	  0.091002
  0.000989	 -0.013848
 -0.025844	 -0.102735
 -0.026762	 -0.213452
 -0.026974	 -0.329012
 -0.026833	 -0.432020
 -0.026904	 -0.535711
 -0.026974	 -0.649019
 -0.027115	 -0.757076
 -0.027398	 -0.881163
 -0.027398	 -0.977213
 -0.027398	 -1.104234
 -0.027398	 -1.200147
 -0.027398	 -1.334740
 -0.027680	 -1.444502
 -0.027680	 -1.564701
 -0.027680	 -1.662524
 -0.027680	 -1.801551
 -0.027821	 -1.899375
 -0.027821	 -2.018687
 -0.028104	 -2.141955
 -0.028104	 -2.274297
 -0.028104	 -2.389175
 -0.033329	 -2.503985
 -0.034459	 -2.628891
 -0.036295	 -2.743905
 -0.037707	 -2.869834
 -0.039402	 -3.002926
 -0.040814	 -3.128992
 -0.042509	 -3.239504
 -0.044062	 -3.362022
 -0.045404	 -3.501936
 -0.047028	 -3.630321
 -0.048582	 -3.740969
 -0.050418	 -3.889751
 -0.051759	 -4.015817
 -0.053595	 -4.143110
 -0.055219	 -4.267811
 -0.056985	 -4.415843
 -0.058326	 -4.551323
 -0.060445	 -4.683118
 -0.061786	 -4.826034
 -0.063410	 -4.970450
 -0.065317	 -5.098630
 -0.066870	 -5.251369
 -0.068706	 -5.383642
 -0.070542	 -5.524443
 -0.072590	 -5.660673
 -0.074073	 -5.815594
 -0.076191	 -5.945207
 -0.077745	 -6.111998
 -0.079934	 -6.242498
 -0.081487	 -6.415634
 -0.083394	 -6.557048
 -0.082476	 -6.393190
 -0.079440	 -6.175782
 -0.076191	 -5.916556
 -0.073296	 -5.655420
 -0.070260	 -5.403698
 -0.066870	 -5.173669
 -0.064258	 -4.921061
 -0.061221	 -4.696967
 -0.058114	 -4.477307
 -0.055784	 -4.238819
 -0.052818	 -3.997330
 -0.050135	 -3.789404
 -0.047028	 -3.570358
 -0.044627	 -3.356565
 -0.041803	 -3.124762
 -0.039402	 -2.898144
 -0.036295	 -2.708091
 -0.033753	 -2.488499
 -0.028669	 -2.273478
 -0.028669	 -2.096932
 -0.028386	 -1.860900
 -0.028245	 -1.675554
 -0.027963	 -1.475950
 -0.028104	 -1.280507
 -0.028104	 -1.086565
 -0.027821	 -0.901560
 -0.027539	 -0.720511
 -0.027610	 -0.523500
 -0.027398	 -0.350637
 -0.027257	 -0.157105
  0.000212	 -0.002524
  0.027751	  0.200627
  0.028316	  0.379288
  0.028316	  0.564771
  0.028386	  0.738521
  0.028457	  0.918887
  0.028669	  1.118218
  0.028810	  1.311137
  0.028881	  1.475745
  0.029022	  1.684968
  0.028881	  1.870178
  0.029234	  2.094340
  0.029304	  2.270477
  0.033965	  2.485430
  0.036860	  2.695607
  0.039473	  2.889208
  0.041732	  3.101773
  0.044557	  3.325253
  0.046958	  3.523424
  0.049641	  3.753794
  0.052465	  3.932660
  0.055149	  4.158596
  0.057691	  4.359427
  0.060798	  4.601121
  0.063340	  4.812527
  0.066235	  5.037917
  0.068636	  5.266036
  0.071601	  5.520213
  0.074285	  5.745944
  0.077533	  5.990435
  0.080499	  6.195360
  0.083464	  6.460589
  0.086854	  6.673973
  0.087278	  6.654667
  0.085371	  6.535969
  0.083464	  6.363516
  0.081770	  6.242021
  0.080075	  6.092352
  0.078522	  5.976246
  0.076544	  5.837356
  0.074708	  5.709448
  0.073438	  5.551798
  0.071460	  5.415841
  0.069766	  5.280088
  0.068071	  5.143995
  0.066376	  5.030345
  0.064682	  4.896161
  0.063057	  4.768322
  0.061716	  4.622542
  0.060233	  4.499750
  0.058538	  4.376004
  0.056914	  4.246869
  0.055078	  4.120940
  0.053666	  4.005380
  0.052254	  3.866626
  0.050700	  3.757205
  0.049147	  3.614699
  0.047593	  3.495933
  0.046110	  3.365979
  0.044557	  3.252056
  0.043003	  3.115485
  0.041591	  3.009202
  0.039967	  2.883955
  0.038202	  2.766144
  0.036931	  2.640624
  0.035095	  2.528202
  0.033259	  2.394223
  0.030010	  2.281255
  0.030010	  2.172517
  0.029940	  2.046315
  0.029728	  1.942829
  0.029587	  1.819492
  0.029446	  1.699839
  0.029446	  1.588235
  0.029446	  1.476905
  0.029446	  1.366802
  0.029304	  1.261747
  0.029234	  1.143936
  0.029163	  1.029399
  0.029304	  0.923731
  0.029234	  0.809057
  0.028881	  0.705640
  0.029022	  0.589193
  0.028810	  0.489937
  0.028951	  0.372057
  0.028740	  0.273892
  0.028598	  0.158878
  0.023232	  0.068217
  0.000989	 -0.040521
 -0.026551	 -0.143938
 -0.026833	 -0.258066
 -0.026762	 -0.356572
 -0.026974	 -0.477248
 -0.026974	 -0.569546
 -0.027257	 -0.674465
 -0.027045	 -0.793708
 -0.027257	 -0.892282
 -0.027257	 -1.015551
 -0.027257	 -1.120674
 -0.027398	 -1.221295
 -0.027398	 -1.329351
 -0.027610	 -1.442455
 -0.027539	 -1.553376
 -0.027680	 -1.682307
 -0.027680	 -1.780540
 -0.027680	 -1.918885
 -0.027821	 -2.017459
 -0.027821	 -2.156554
 -0.027963	 -2.260040
 -0.029093	 -2.383854
 -0.032906	 -2.500096
 -0.034600	 -2.639805
 -0.036436	 -2.744041
 -0.037849	 -2.889003
 -0.039543	 -2.994399
 -0.041097	 -3.139292
 -0.042509	 -3.258059
 -0.044062	 -3.385148
 -0.045616	 -3.516261
 -0.047523	 -3.639325
 -0.048723	 -3.773782
 -0.050700	 -3.917311
 -0.052254	 -4.046719
 -0.053948	 -4.177969
 -0.055572	 -4.305467
 -0.057196	 -4.454386
 -0.058891	 -4.568172
 -0.060657	 -4.720843
 -0.062069	 -4.852502
 -0.064046	 -5.000943
 -0.065741	 -5.117185
 -0.067577	 -5.291412
 -0.069271	 -5.430030
 -0.071249	 -5.579835
 -0.072943	 -5.698943
 -0.074920	 -5.846224
 -0.076474	 -6.002510
 -0.078451	 -6.149518
 -0.080287	 -6.281382
 -0.082123	 -6.453494
 -0.084382	 -6.534809
 -0.080428	 -6.282473
 -0.077815	 -6.019837
 -0.075203	 -5.797175
 -0.072096	 -5.558210
 -0.069059	 -5.352603
 -0.066306	 -5.082667
 -0.063269	 -4.860756
 -0.060162	 -4.609853
 -0.057408	 -4.409021
 -0.054372	 -4.170329
 -0.051830	 -3.939209
 -0.049005	 -3.729986
 -0.046605	 -3.493682
 -0.043709	 -3.304310
 -0.041379	 -3.077147
 -0.038484	 -2.871267
 -0.036154	 -2.656382
 -0.033047	 -2.456710
 -0.028810	 -2.242849
 -0.028528	 -2.042972
 -0.028528	 -1.856602
 -0.028104	 -1.640626
 -0.028245	 -1.461078
 -0.027963	 -1.232209
 -0.027963	 -1.065964
 -0.027821	 -0.861107
 -0.027821	 -0.670167
 -0.027680	 -0.488368
 -0.027257	 -0.298382
 -0.026974	 -0.099597
  0.007556	  0.063442
  0.028033	  0.259294
  0.028316	  0.433316
  0.028457	  0.611091
  0.028457	  0.791389
  0.028457	  1.004773
  0.028740	  1.181933
  0.028881	  1.362300
  0.028951	  1.553649
  0.028951	  1.745272
  0.029163	  1.943648
  0.029446	  2.162148
  0.029375	  2.356362
  0.034812	  2.560741
  0.037496	  2.744041
  0.040179	  2.961655
  0.042721	  3.148775
  0.045263	  3.392788
  0.047664	  3.576429
  0.050559	  3.816827
  0.053171	  3.998285
  0.055290	  4.225108
  0.058114	  4.442584
  0.060727	  4.660607
  0.063834	  4.857891
  0.066164	  5.089967
  0.069413	  5.299394
  0.072096	  5.508753
  0.074567	  5.758155
  0.077533	  5.979111
  0.080216	  6.204228
  0.083323	  6.411541
  0.086148	  6.665650
  0.086430	  6.598047
  0.084665	  6.449333
  0.082900	  6.334864
  0.081064	  6.168551
  0.079228	  6.043645
  0.077462	  5.916897
  0.075909	  5.770434
  0.074144	  5.640890
  0.072590	  5.505683
  0.070754	  5.377503
  0.069201	  5.237248
  0.067718	  5.096584
  0.065952	  4.971814
  0.064328	  4.837426
  0.062704	  4.710951
  0.060868	  4.582634
  0.059527	  4.466529
  0.057832	  4.316996
  0.056279	  4.195501
  0.054443	  4.063637
  0.053101	  3.947327
  0.051477	  3.802228
  0.049782	  3.694991
  0.048511	  3.567152
  0.047028	  3.441427
  0.045545	  3.312701
  0.043851	  3.205804
  0.042368	  3.062957
  0.040744	  2.946988
  0.039190	  2.815533
  0.037637	  2.716413
  0.036224	  2.597238
  0.034389	  2.478471
  0.030293	  2.363457
  0.030010	  2.242644
  0.030010	  2.145503
  0.029869	  2.015753
  0.029587	  1.915883
  0.029728	  1.782041
  0.029446	  1.678623
  0.029657	  1.576093
  0.029587	  1.463875
  0.029163	  1.344563
  0.029304	  1.249195
  0.029304	  1.129679
  0.029304	  1.024829
  0.029163	  0.912611
  0.029022	  0.816630
  0.028881	  0.699159
  0.028881	  0.591035
  0.028881	  0.484070
  0.028881	  0.386042
  0.028598	  0.276621
  0.028528	  0.170543
  0.025068	  0.053892
  0.000918	 -0.043386
 -0.026551	 -0.140732
 -0.026692	 -0.251313
 -0.026833	 -0.364963
 -0.026833	 -0.464560
 -0.026904	 -0.582303
 -0.027257	 -0.675010
 -0.027115	 -0.802986
 -0.027398	 -0.900741
 -0.027398	 -1.024283
 -0.027398	 -1.119992
 -0.027257	 -1.238963
 -0.027398	 -1.347770
 -0.027468	 -1.477723
 -0.027680	 -1.588031
 -0.027821	 -1.703455
 -0.027680	 -1.816900
 -0.027680	 -1.939145
 -0.027821	 -2.057298
 -0.028033	 -2.177633
 -0.028245	 -2.278254
 -0.030929	 -2.419259
 -0.033329	 -2.522130
 -0.035024	 -2.662112
 -0.036860	 -2.775626
 -0.038413	 -2.907627
 -0.039967	 -3.043174
 -0.041520	 -3.163714
 -0.042862	 -3.294964
 -0.044627	 -3.411480
 -0.045898	 -3.537068
 -0.047452	 -3.651059
 -0.049005	 -3.784287
 -0.050559	 -3.906601
 -0.052254	 -4.032667
 -0.053525	 -4.171762
 -0.055431	 -4.294485
 -0.056914	 -4.440538
 -0.058821	 -4.582020
 -0.060162	 -4.706858
 -0.062069	 -4.853594
 -0.063834	 -4.970450
 -0.065458	 -5.133694
 -0.067294	 -5.252733
 -0.068989	 -5.415977
 -0.070825	 -5.543066
 -0.072590	 -5.685572
 -0.074214	 -5.814844
 -0.076333	 -5.967787
 -0.078027	 -6.118343
 -0.079863	 -6.265351
 -0.081982	 -6.407516
 -0.084100	 -6.515367
 -0.081134	 -6.267670
 -0.077604	 -6.027614
 -0.074779	 -5.770503
 -0.071531	 -5.509776
 -0.068494	 -5.310445
 -0.065529	 -5.038326
 -0.062422	 -4.822555
 -0.059668	 -4.563943
 -0.057055	 -4.347830
 -0.053666	 -4.128648
 -0.051406	 -3.890024
 -0.048299	 -3.673707
 -0.045687	 -3.466122
 -0.043215	 -3.240595
 -0.040391	 -3.014114
 -0.037566	 -2.812463
 -0.035306	 -2.593622
 -0.029940	 -2.398043
 -0.028810	 -2.184250
 -0.028386	 -1.990036
 -0.028386	 -1.797185
 -0.028104	 -1.592601
 -0.028245	 -1.404867
 -0.027963	 -1.196327
 -0.028033	 -0.997610
 -0.027963	 -0.816971
 -0.027539	 -0.635171
 -0.027539	 -0.449552
 -0.027398	 -0.277508
 -0.027045	 -0.081520
  0.001483	  0.090115
  0.028033	  0.257657
  0.028175	  0.446141
  0.028598	  0.600517
  0.028457	  0.807215
  0.028528	  0.970391
  0.028598	  1.178249
  0.028740	  1.342517
  0.028810	  1.539801
  0.028881	  1.741997
  0.029163	  1.931027
  0.029022	  2.134383
  0.029587	  2.328871
  0.034812	  2.512921
  0.037425	  2.733468
  0.039614	  2.946715
  0.042791	  3.145500
  0.044769	  3.359362
  0.048087	  3.565173
  0.050206	  3.781695
  0.052818	  4.006266
  0.055572	  4.195501
  0.058256	  4.442243
  0.060939	  4.657605
  0.064117	  4.869079
  0.066517	  5.096447
  0.069624	  5.323679
  0.072166	  5.562508
  0.075132	  5.788648
  0.077957	  6.027955
  0.080922	  6.282883
  0.083888	  6.491969
  0.087278	  6.716950
  0.086289	  6.578127
  0.084312	  6.433302
  0.082688	  6.293525
  0.080499	  6.162274
  0.079157	  6.036277
  0.077251	  5.896568
  0.075697	  5.765796
  0.073861	  5.630862
  0.072308	  5.490539
  0.070472	  5.362904
  0.068777	  5.221558
  0.067506	  5.090308
  0.065670	  4.956397
  0.064117	  4.831628
  0.062563	  4.702288
  0.061010	  4.587751
  0.059244	  4.439787
  0.057761	  4.324773
  0.056067	  4.193318
  0.054725	  4.073392
  0.053313	  3.953876
  0.051759	  3.835246
  0.050206	  3.690898
  0.048582	  3.570562
  0.046958	  3.454320
  0.045687	  3.324366
  0.043992	  3.200893
  0.042297	  3.096111
  0.040885	  2.957152
  0.039473	  2.858988
  0.037990	  2.710547
  0.036436	  2.610608
  0.034742	  2.477448
  0.030293	  2.366049
  0.030152	  2.247965
  0.030010	  2.140386
  0.029728	  2.022916
  0.029728	  1.909744
  0.029728	  1.786202
  0.029657	  1.668868
  0.029446	  1.548738
  0.029446	  1.441636
  0.029446	  1.326076
  0.029446	  1.228116
  0.029163	  1.117945
  0.029234	  0.994950
  0.029163	  0.896103
  0.029163	  0.791253
  0.029163	  0.679513
  0.029022	  0.574663
  0.028951	  0.455964
  0.028740	  0.347090
  0.028598	  0.237806
  0.028598	  0.135480
  0.002401	  0.031857
 -0.015394	 -0.059690
 -0.026692	 -0.174636
 -0.026833	 -0.274916
 -0.026974	 -0.390203
 -0.026833	 -0.490278
 -0.026974	 -0.619618
 -0.027257	 -0.712189
 -0.027115	 -0.812536
 -0.027398	 -0.930689
 -0.027398	 -1.033424
 -0.027115	 -1.163310
 -0.027610	 -1.268296
 -0.027327	 -1.389246
 -0.027680	 -1.486455
 -0.027539	 -1.607950
 -0.027680	 -1.710958
 -0.027821	 -1.827405
 -0.027892	 -1.951629
 -0.028104	 -2.064870
 -0.027963	 -2.181453
 -0.028245	 -2.297968
 -0.030364	 -2.416325
 -0.033612	 -2.537548
 -0.034883	 -2.658565
 -0.036648	 -2.786268
 -0.038272	 -2.895825
 -0.039755	 -3.031782
 -0.041379	 -3.160031
 -0.042933	 -3.281457
 -0.044486	 -3.411889
 -0.046181	 -3.533998
 -0.047593	 -3.666544
 -0.049147	 -3.795407
 -0.050982	 -3.919494
 -0.052465	 -4.068140
 -0.054019	 -4.194137
 -0.055784	 -4.322795
 -0.057408	 -4.451725
 -0.058821	 -4.594845
 -0.060727	 -4.741035
 -0.062634	 -4.867101
 -0.064046	 -5.016155
 -0.065952	 -5.142494
 -0.067859	 -5.279133
 -0.069413	 -5.422458
 -0.071107	 -5.578266
 -0.073155	 -5.730118
 -0.074638	 -5.863005
 -0.076756	 -6.019223
 -0.078310	 -6.162002
 -0.080287	 -6.317469
 -0.082405	 -6.447696
 -0.083394	 -6.496880
 -0.080711	 -6.231174
 -0.077180	 -5.972835
 -0.074355	 -5.750856
 -0.071249	 -5.525602
 -0.068000	 -5.288547
 -0.065599	 -5.040168
 -0.062634	 -4.807820
 -0.059880	 -4.593276
 -0.056773	 -4.350491
 -0.053948	 -4.144065
 -0.051406	 -3.895618
 -0.048864	 -3.684076
 -0.045757	 -3.471511
 -0.043427	 -3.246735
 -0.040391	 -3.042697
 -0.038413	 -2.824197
 -0.035024	 -2.619477
 -0.031917	 -2.429355
 -0.028669	 -2.189230
 -0.028316	 -2.012752
 -0.028386	 -1.785315
 -0.028386	 -1.595125
 -0.028104	 -1.404663
 -0.028175	 -1.203831
 -0.027680	 -1.016916
 -0.027821	 -0.838323
 -0.027821	 -0.639674
 -0.027539	 -0.462991
 -0.027398	 -0.249744
 -0.026833	 -0.073538
  0.017865	  0.109489
  0.028175	  0.272255
  0.028457	  0.460467
  0.028528	  0.656319
  0.028457	  0.839346
  0.028457	  1.011936
  0.028740	  1.231323
  0.028740	  1.410461
  0.028881	  1.616136
  0.029022	  1.798345
  0.029022	  1.990991
  0.029446	  2.177497
  0.031281	  2.394769
  0.035377	  2.599898
  0.038202	  2.783335
  0.040744	  3.003881
  0.043145	  3.227293
  0.045687	  3.424373
  0.048370	  3.645738
  0.051053	  3.828356
  0.053807	  4.062955
  0.056632	  4.264878
  0.059103	  4.468712
  0.061504	  4.710747
  0.064328	  4.916149
  0.067435	  5.146860
  0.069766	  5.384256
  0.073014	  5.610055
  0.075273	  5.836196
  0.078522	  6.072432
  0.081629	  6.262622
  0.084312	  6.533786
  0.087843	  6.732503
  0.086148	  6.600707
  0.084453	  6.469798
  0.082476	  6.305122
  0.080922	  6.180489
  0.078945	  6.039211
  0.077674	  5.893976
  0.075556	  5.756927
  0.073932	  5.641981
  0.072308	  5.486446
  0.070754	  5.356901
  0.068777	  5.223195
  0.067224	  5.081780
  0.065529	  4.934363
  0.063975	  4.830400
  0.062281	  4.674250
  0.060727	  4.562238
  0.058962	  4.427713
  0.057338	  4.302739
  0.055714	  4.163917
  0.054372	  4.038943
  0.052607	  3.913900
  0.050912	  3.794861
  0.049641	  3.652014
  0.048229	  3.531747
  0.046534	  3.400838
  0.044980	  3.294964
  0.043498	  3.155665
  0.041874	  3.052656
  0.040461	  2.913084
  0.039049	  2.798411
  0.037284	  2.685238
  0.035942	  2.558968
  0.033753	  2.436995
  0.030152	  2.327165
  0.029869	  2.209491
  0.029940	  2.091270
  0.029869	  1.972913
  0.029587	  1.857353
  0.029587	  1.760075
  0.029446	  1.638239
  0.029446	  1.543485
  0.029304	  1.419125
  0.029304	  1.304452
  0.029234	  1.198033
  0.029304	  1.094683
  0.029304	  0.971483
  0.029163	  0.870521
  0.029022	  0.751891
  0.029022	  0.659866
  0.029022	  0.546421
  0.028740	  0.452758
  0.028740	  0.336789
  0.028598	  0.232007
  0.028316	  0.131114
  0.002613	  0.027423
 -0.000071	 -0.078313
 -0.026692	 -0.172044
 -0.026904	 -0.290469
 -0.026833	 -0.385087
 -0.027045	 -0.505627
 -0.027115	 -0.615661
 -0.027115	 -0.730403
 -0.027257	 -0.825702
 -0.027398	 -0.941467
 -0.027257	 -1.047477
 -0.027257	 -1.164128
 -0.027539	 -1.278870
 -0.027539	 -1.391701
 -0.027468	 -1.510741
 -0.027398	 -1.622276
 -0.027680	 -1.744794
 -0.027821	 -1.855102
 -0.027963	 -1.967046
 -0.027963	 -2.090929
 -0.027963	 -2.216722
 -0.028175	 -2.327097
 -0.032058	 -2.458620
 -0.034035	 -2.586323
 -0.035589	 -2.702292
 -0.037284	 -2.828085
 -0.038837	 -2.942144
 -0.040532	 -3.082945
 -0.041803	 -3.198437
 -0.043780	 -3.327231
 -0.045192	 -3.442996
 -0.046605	 -3.597372
 -0.048299	 -3.708702
 -0.049641	 -3.846365
 -0.051336	 -3.967587
 -0.052536	 -4.101634
 -0.054372	 -4.240115
 -0.056067	 -4.361679
 -0.057832	 -4.486380
 -0.059597	 -4.620836
 -0.061010	 -4.775621
 -0.062987	 -4.892887
 -0.064470	 -5.028298
 -0.066164	 -5.161868
 -0.068141	 -5.309626
 -0.069624	 -5.460523
 -0.071672	 -5.598800
 -0.073367	 -5.756654
 -0.075485	 -5.901207
 -0.076897	 -6.024407
 -0.079016	 -6.190448
 -0.080499	 -6.336638
 -0.082688	 -6.495107
 -0.083253	 -6.437531
 -0.080005	 -6.176600
 -0.077039	 -5.931564
 -0.073508	 -5.696828
 -0.070825	 -5.442241
 -0.067012	 -5.218283
 -0.064328	 -4.990028
 -0.061574	 -4.722548
 -0.059032	 -4.493201
 -0.055855	 -4.248915
 -0.053242	 -4.037714
 -0.050135	 -3.800182
 -0.047734	 -3.585707
 -0.044627	 -3.349675
 -0.042368	 -3.150753
 -0.039543	 -2.928365
 -0.036860	 -2.742063
 -0.034035	 -2.504599
 -0.028881	 -2.306564
 -0.028528	 -2.107847
 -0.028457	 -1.901080
 -0.028528	 -1.684627
 -0.028104	 -1.486728
 -0.028104	 -1.292855
 -0.027892	 -1.108941
 -0.027963	 -0.907358
 -0.027821	 -0.728629
 -0.027680	 -0.566818
 -0.027539	 -0.359710
 -0.027257	 -0.202128
  0.000282	 -0.018419
  0.027892	  0.170407
  0.028175	  0.350842
  0.028316	  0.534005
  0.028316	  0.708300
  0.028528	  0.905926
  0.028669	  1.072785
  0.028881	  1.274299
  0.028881	  1.466945
  0.028951	  1.633805
  0.029022	  1.854761
  0.029093	  2.042563
  0.029304	  2.240802
  0.033118	  2.422942
  0.036507	  2.635303
  0.038767	  2.852712
  0.041450	  3.040173
  0.043709	  3.260856
  0.046393	  3.465371
  0.048793	  3.683940
  0.051901	  3.909943
  0.054089	  4.126533
  0.057126	  4.348581
  0.059668	  4.558963
  0.062916	  4.773302
  0.065034	  5.008993
  0.068212	  5.248504
  0.070895	  5.443810
  0.074073	  5.708902
  0.076686	  5.923719
  0.079793	  6.161661
  0.082688	  6.393463
  0.086007	  6.620217
  0.087278	  6.645935
  0.085300	  6.491969
  0.083464	  6.366517
  0.081487	  6.236427
  0.079793	  6.097468
  0.077957	  5.932655
  0.076403	  5.802769
  0.074497	  5.668586
  0.072943	  5.549547
  0.071037	  5.407109
  0.069766	  5.276677
  0.067647	  5.138537
  0.066094	  5.014041
  0.064540	  4.872149
  0.062987	  4.742058
  0.061363	  4.619404
  0.059597	  4.492929
  0.058256	  4.373958
  0.056702	  4.231452
  0.055219	  4.124964
  0.053736	  3.980685
  0.051971	  3.874402
  0.050559	  3.740082
  0.049358	  3.616745
  0.047734	  3.494500
  0.046040	  3.386785
  0.044557	  3.254853
  0.043145	  3.136837
  0.041662	  3.002380
  0.040108	  2.899236
  0.038343	  2.761846
  0.037072	  2.641443
  0.034953	  2.529157
  0.033471	  2.408753
  0.029869	  2.290533
  0.029869	  2.183091
  0.030010	  2.048157
  0.029587	  1.942420
  0.029728	  1.825222
  0.029446	  1.714369
  0.029587	  1.601606
  0.029446	  1.493618
  0.029446	  1.379081
  0.029446	  1.261338
  0.029304	  1.143731
  0.029163	  1.048432
  0.029234	  0.926732
  0.029163	  0.820518
  0.029022	  0.719488
  0.029022	  0.601404
  0.028881	  0.505149
  0.028881	  0.401254
  0.028740	  0.289037
  0.028598	  0.174909
  0.027468	  0.066444
  0.001059	 -0.020806
 -0.026692	 -0.131591
 -0.026551	 -0.241626
 -0.026833	 -0.332491
 -0.026833	 -0.450439
 -0.026904	 -0.565726
 -0.027115	 -0.668257
 -0.027115	 -0.765398
 -0.027257	 -0.889963
 -0.027327	 -0.995836
 -0.027398	 -1.103142
 -0.027398	 -1.210857
 -0.027398	 -1.340129
 -0.027539	 -1.444092
 -0.027539	 -1.547646
 -0.027821	 -1.661842
 -0.027751	 -1.777880
 -0.027751	 -1.890575
 -0.027680	 -2.020802
 -0.027963	 -2.131177
 -0.028104	 -2.266247
 -0.028386	 -2.369051
 -0.032906	 -2.492115
 -0.034459	 -2.623160
 -0.036154	 -2.738038
 -0.037566	 -2.862057
 -0.039543	 -2.984985
 -0.040955	 -3.102319
 -0.042368	 -3.251374
 -0.043921	 -3.371777
 -0.045475	 -3.498457
 -0.047169	 -3.634550
 -0.048723	 -3.770371
 -0.050276	 -3.877950
 -0.051971	 -4.015135
 -0.053666	 -4.159141
 -0.055290	 -4.280227
 -0.057055	 -4.411068
 -0.058609	 -4.563329
 -0.060303	 -4.695875
 -0.062210	 -4.830536
 -0.063622	 -4.974816
 -0.065388	 -5.117390
 -0.067224	 -5.242228
 -0.068989	 -5.394625
 -0.070825	 -5.530105
 -0.072661	 -5.676908
 -0.074355	 -5.817777
 -0.076191	 -5.987093
 -0.077886	 -6.123391
 -0.079934	 -6.263100
 -0.081840	 -6.406220
 -0.083535	 -6.507522
 -0.080569	 -6.228855
 -0.077604	 -5.989003
 -0.074497	 -5.741783
 -0.071390	 -5.504591
 -0.068424	 -5.271834
 -0.065317	 -5.063021
 -0.062422	 -4.829035
 -0.059738	 -4.610399
 -0.057338	 -4.354584
 -0.054301	 -4.163371
 -0.051336	 -3.902576
 -0.048793	 -3.688237
 -0.045757	 -3.473216
 -0.043498	 -3.246462
 -0.040391	 -3.038740
 -0.038131	 -2.816625
 -0.035095	 -2.619067
 -0.032199	 -2.392859
 -0.028881	 -2.181453
 -0.028386	 -1.990513
 -0.028528	 -1.775560
 -0.028175	 -1.609656
 -0.028104	 -1.382697
 -0.028104	 -1.201921
 -0.027963	 -1.016711
 -0.027821	 -0.815879
 -0.027539	 -0.620300
 -0.027680	 -0.442253
 -0.027257	 -0.250972
 -0.026833	 -0.069923
  0.021678	  0.097210
  0.028175	  0.284330
  0.028245	  0.464423
  0.028386	  0.631897
  0.028598	  0.845213
  0.028457	  1.005660
  0.028740	  1.204377
  0.028669	  1.382492
  0.028881	  1.603380
  0.029022	  1.775969
  0.029022	  1.994606
  0.029304	  2.165286
  0.029587	  2.395042
  0.035518	  2.567495
  0.038060	  2.797660
  0.040320	  2.993239
  0.042862	  3.177085
  0.045545	  3.386580
  0.048087	  3.610197
  0.051053	  3.807208
  0.053383	  4.004356
  0.056420	  4.234726
  0.058467	  4.470622
  0.061151	  4.689463
  0.064117	  4.875014
  0.066659	  5.120528
  0.069413	  5.318904
  0.072308	  5.583792
  0.075062	  5.782372
  0.078169	  6.020587
  0.080852	  6.253345
  0.084241	  6.477916
  0.087278	  6.672404
  0.085442	  6.547429
  0.083888	  6.392235
  0.082194	  6.257438
  0.080216	  6.118206
  0.078239	  5.967651
  0.076686	  5.845951
  0.074850	  5.704809
  0.073649	  5.571990
  0.071460	  5.438966
  0.070189	  5.310718
  0.068353	  5.189632
  0.067082	  5.053470
  0.065176	  4.912261
  0.063552	  4.799293
  0.061928	  4.653785
  0.060233	  4.535565
  0.058750	  4.405952
  0.057126	  4.271564
  0.055502	  4.142565
  0.053878	  4.018136
  0.052395	  3.891661
  0.050982	  3.762389
  0.049288	  3.628070
  0.047876	  3.506370
  0.046393	  3.379554
  0.044910	  3.266859
  0.043074	  3.142158
  0.041591	  3.022914
  0.040037	  2.892619
  0.038767	  2.767235
  0.036931	  2.653517
  0.035377	  2.529907
  0.033753	  2.418508
  0.030152	  2.306700
  0.030010	  2.200554
  0.029869	  2.078513
  0.029728	  1.966364
  0.029728	  1.841458
  0.029728	  1.733061
  0.029587	  1.615795
  0.029304	  1.508285
  0.029446	  1.409779
  0.029446	  1.291558
  0.029446	  1.190870
  0.029163	  1.084928
  0.029304	  0.967526
  0.029163	  0.866974
  0.029163	  0.744183
  0.029163	  0.645472
  0.028881	  0.528138
  0.028881	  0.423698
  0.028740	  0.320212
  0.028810	  0.220342
  0.028033	  0.103622
  0.001059	  0.011119
 -0.026551	 -0.100484
 -0.026692	 -0.198171
 -0.026692	 -0.324510
 -0.027115	 -0.428064
 -0.027115	 -0.533459
 -0.027186	 -0.648474
 -0.027115	 -0.758099
 -0.027257	 -0.859743
 -0.027398	 -0.991198
 -0.027468	 -1.089908
 -0.027539	 -1.214882
 -0.027468	 -1.313934
 -0.027398	 -1.440477
 -0.027680	 -1.539324
 -0.027539	 -1.664571
 -0.027539	 -1.785520
 -0.027680	 -1.898488
 -0.027751	 -2.026873
 -0.027963	 -2.134247
 -0.028104	 -2.267271
 -0.028245	 -2.378124
 -0.032764	 -2.502825
 -0.034459	 -2.621046
 -0.036154	 -2.743086
 -0.037425	 -2.867788
 -0.039261	 -2.978436
 -0.040814	 -3.097407
 -0.042368	 -3.234115
 -0.043921	 -3.341625
 -0.045475	 -3.472398
 -0.046887	 -3.593142
 -0.048440	 -3.740287
 -0.049923	 -3.862805
 -0.051618	 -3.990781
 -0.053313	 -4.117256
 -0.055008	 -4.255260
 -0.056349	 -4.393945
 -0.058256	 -4.523285
 -0.059880	 -4.652353
 -0.061574	 -4.799156
 -0.063340	 -4.949030
 -0.065105	 -5.081098
 -0.066729	 -5.228379
 -0.068918	 -5.374501
 -0.070260	 -5.516666
 -0.072237	 -5.667222
 -0.073932	 -5.801882
 -0.076050	 -5.959260
 -0.077745	 -6.083893
 -0.079581	 -6.247683
 -0.081558	 -6.380092
 -0.083535	 -6.542791
 -0.081417	 -6.303211
 -0.078169	 -6.043235
 -0.075485	 -5.816959
 -0.071531	 -5.568511
 -0.068848	 -5.338892
 -0.065741	 -5.057700
 -0.063199	 -4.857346
 -0.059386	 -4.598597
 -0.057267	 -4.370547
 -0.054089	 -4.149796
 -0.051406	 -3.933342
 -0.048582	 -3.696150
 -0.045898	 -3.486450
 -0.043427	 -3.231591
 -0.040602	 -3.029940
 -0.037707	 -2.826175
 -0.035024	 -2.623706
 -0.031917	 -2.426490
 -0.028669	 -2.216858
 -0.028528	 -2.002315
 -0.028245	 -1.818401
 -0.028175	 -1.629916
 -0.028245	 -1.412985
 -0.027963	 -1.225115
 -0.027963	 -1.045771
 -0.027963	 -0.843439
 -0.027680	 -0.656251
 -0.027680	 -0.473428
 -0.027398	 -0.291083
 -0.026904	 -0.135002
  0.008827	  0.056484
  0.028175	  0.242922
  0.028386	  0.426017
  0.028245	  0.594991
  0.028457	  0.795209
  0.028598	  0.985945
  0.028598	  1.185208
  0.028810	  1.361890
  0.028881	  1.556514
  0.028951	  1.755232
  0.029163	  1.961043
  0.029375	  2.134315
  0.029304	  2.366254
  0.034953	  2.544369
  0.037778	  2.750590
  0.040461	  2.953946
  0.043003	  3.189569
  0.045545	  3.371914
  0.048158	  3.604603
  0.050912	  3.802774
  0.053595	  4.026254
  0.056279	  4.236363
  0.058821	  4.469939
  0.061433	  4.672204
  0.064328	  4.942412
  0.067012	  5.132125
  0.070331	  5.376002
  0.072873	  5.590204
  0.075909	  5.838925
  0.078522	  6.067043
  0.081770	  6.320743
  0.084877	  6.519733
  0.087560	  6.709104
  0.085865	  6.582084
  0.084312	  6.451721
  0.082617	  6.307168
  0.081205	  6.162343
  0.079087	  6.020996
  0.077321	  5.908302
  0.075556	  5.757473
  0.074144	  5.619060
  0.072025	  5.494495
  0.070613	  5.362086
  0.069059	  5.232063
  0.067153	  5.101905
  0.065670	  4.953668
  0.064328	  4.828490
  0.062422	  4.693760
  0.060868	  4.566808
  0.059103	  4.442584
  0.057761	  4.296940
  0.055855	  4.175991
  0.054372	  4.055042
  0.052748	  3.909671
  0.051053	  3.803183
  0.049641	  3.666408
  0.048229	  3.536590
  0.046393	  3.414754
  0.045263	  3.289848
  0.043286	  3.153686
  0.041732	  3.044880
  0.040320	  2.906740
  0.038767	  2.790361
  0.037213	  2.667092
  0.035659	  2.551396
  0.033965	  2.423898
  0.030081	  2.320480
  0.029869	  2.195642
  0.029869	  2.083903
  0.029728	  1.966910
  0.029587	  1.846506
  0.029869	  1.735039
  0.029446	  1.625550
  0.029587	  1.497779
  0.029446	  1.385698
  0.029446	  1.283918
  0.029234	  1.175521
  0.029304	  1.050410
  0.029163	  0.955247
  0.029022	  0.843030
  0.029022	  0.733541
  0.029093	  0.633875
  0.029093	  0.516200
  0.028881	  0.407940
  0.028881	  0.315914
  0.028598	  0.202537
  0.028175	  0.094413
  0.001059	  0.009687
 -0.026268	 -0.111331
 -0.026621	 -0.201446
 -0.026833	 -0.320553
 -0.026974	 -0.429701
 -0.026974	 -0.542873
 -0.027257	 -0.642266
 -0.027115	 -0.759259
 -0.027115	 -0.867588
 -0.027257	 -0.975849
 -0.027398	 -1.090454
 -0.027398	 -1.200488
 -0.027398	 -1.318572
 -0.027398	 -1.424514
 -0.027398	 -1.537755
 -0.027610	 -1.656862
 -0.027539	 -1.771058
 -0.027821	 -1.896305
 -0.027821	 -2.018073
 -0.027963	 -2.141410
 -0.027963	 -2.260585
 -0.028386	 -2.373007
 -0.032623	 -2.501938
 -0.034883	 -2.625070
 -0.036436	 -2.734832
 -0.037849	 -2.868606
 -0.039261	 -2.995422
 -0.040955	 -3.129401
 -0.042509	 -3.232546
 -0.043921	 -3.383715
 -0.045687	 -3.501458
 -0.047169	 -3.644305
 -0.049005	 -3.760889
 -0.050418	 -3.907897
 -0.052395	 -4.025367
 -0.053595	 -4.164462
 -0.055360	 -4.284184
 -0.056914	 -4.440811
 -0.058467	 -4.580861
 -0.060515	 -4.723776
 -0.061998	 -4.848068
 -0.063834	 -4.973929
 -0.065599	 -5.119641
 -0.067294	 -5.270879
 -0.069342	 -5.400628
 -0.070754	 -5.557733
 -0.072661	 -5.700580
 -0.074355	 -5.818255
 -0.076191	 -5.981567
 -0.077886	 -6.128984
 -0.079863	 -6.276061
 -0.081770	 -6.409085
 -0.083959	 -6.536378
 -0.081417	 -6.288340
 -0.078098	 -6.043167
 -0.075344	 -5.829920
 -0.072096	 -5.550229
 -0.068918	 -5.315016
 -0.065599	 -5.085737
 -0.063269	 -4.849842
 -0.060021	 -4.591912
 -0.057055	 -4.386032
 -0.053948	 -4.149659
 -0.051336	 -3.936616
 -0.048582	 -3.694309
 -0.046181	 -3.465576
 -0.043356	 -3.256217
 -0.040744	 -3.045698
 -0.037849	 -2.822491
 -0.035024	 -2.621932
 -0.031493	 -2.410391
 -0.028669	 -2.208740
 -0.028528	 -1.990854
 -0.028386	 -1.795957
 -0.028104	 -1.574456
 -0.028245	 -1.386517
 -0.027963	 -1.195986
 -0.027963	 -0.991743
 -0.027821	 -0.794186
 -0.027821	 -0.611227
 -0.027539	 -0.432020
 -0.027257	 -0.233576
 -0.022737	 -0.044000
  0.027610	  0.106351
  0.028175	  0.304113
  0.028316	  0.494166
  0.028457	  0.656182
  0.028457	  0.857082
  0.028669	  1.044271
  0.028810	  1.230368
  0.028740	  1.394839
  0.028951	  1.614909
  0.029093	  1.795070
  0.029163	  1.996039
  0.029163	  2.169788
  0.030434	  2.373212
  0.035377	  2.569269
  0.038272	  2.787632
  0.040602	  3.005109
  0.043145	  3.210034
  0.045969	  3.405204
  0.048652	  3.632913
  0.050700	  3.850595
  0.053878	  4.059408
  0.056208	  4.285070
  0.059103	  4.502411
  0.061928	  4.714499
  0.064823	  4.947665
  0.067365	  5.184652
  0.070754	  5.400833
  0.073296	  5.641231
  0.076262	  5.885858
  0.078875	  6.106200
  0.082052	  6.330021
  0.084806	  6.579287
  0.087348	  6.684887
  0.085512	  6.548453
  0.083676	  6.397897
  0.082194	  6.275856
  0.080075	  6.107837
  0.078522	  5.989344
  0.076544	  5.840493
  0.075203	  5.716202
  0.073014	  5.568306
  0.071460	  5.430235
  0.069483	  5.291549
  0.068071	  5.158661
  0.066517	  5.016292
  0.064682	  4.908304
  0.063269	  4.757680
  0.061504	  4.643621
  0.060092	  4.513735
  0.058609	  4.375458
  0.056985	  4.234794
  0.055290	  4.110229
  0.053666	  3.993237
  0.052042	  3.876449
  0.050700	  3.745199
  0.049358	  3.616541
  0.047664	  3.495660
  0.046252	  3.372118
  0.044486	  3.267609
  0.043145	  3.131516
  0.041874	  3.009884
  0.040249	  2.888867
  0.038767	  2.789542
  0.036931	  2.663750
  0.035518	  2.542869
  0.033612	  2.418713
  0.030010	  2.308474
  0.029940	  2.183227
  0.029869	  2.060777
  0.029728	  1.951083
  0.029587	  1.842140
  0.029799	  1.724465
  0.029587	  1.600788
  0.029587	  1.485091
  0.029446	  1.382287
  0.029446	  1.267546
  0.029446	  1.164197
  0.029234	  1.037790
  0.029093	  0.942559
  0.029163	  0.816766
  0.029163	  0.723649
  0.028881	  0.601608
  0.029093	  0.497509
  0.028740	  0.389862
  0.028740	  0.289992
  0.028598	  0.164472
  0.027327	  0.064670
  0.001059	 -0.045706
 -0.026551	 -0.134047
 -0.026480	 -0.259158
 -0.026904	 -0.351319
 -0.026833	 -0.470154
 -0.026974	 -0.569615
 -0.027045	 -0.695203
 -0.027115	 -0.798961
 -0.027186	 -0.919433
 -0.027257	 -1.018007
 -0.027257	 -1.130361
 -0.027468	 -1.239509
 -0.027398	 -1.344563
 -0.027539	 -1.477451
 -0.027751	 -1.577662
 -0.027539	 -1.694450
 -0.027539	 -1.817582
 -0.027821	 -1.933824
 -0.027821	 -2.055592
 -0.027963	 -2.183773
 -0.028104	 -2.294557
 -0.031070	 -2.414279
 -0.033259	 -2.518447
 -0.035024	 -2.652426
 -0.036577	 -2.775762
 -0.037919	 -2.898349
 -0.039826	 -3.020253
 -0.041238	 -3.147615
 -0.042791	 -3.269042
 -0.044345	 -3.414822
 -0.046040	 -3.538978
 -0.047876	 -3.676163
 -0.049358	 -3.798613
 -0.051124	 -3.935525
 -0.052677	 -4.064797
 -0.054301	 -4.213647
 -0.055925	 -4.344829
 -0.057408	 -4.486789
 -0.058962	 -4.619881
 -0.061010	 -4.765116
 -0.062704	 -4.894183
 -0.064752	 -5.032323
 -0.066094	 -5.169986
 -0.067859	 -5.308876
 -0.069836	 -5.453633
 -0.071672	 -5.612784
 -0.073296	 -5.758701
 -0.075485	 -5.917238
 -0.077039	 -6.054900
 -0.079157	 -6.206479
 -0.080852	 -6.329134
 -0.082688	 -6.512707
 -0.082970	 -6.468161
 -0.079722	 -6.203819
 -0.076686	 -5.957009
 -0.073508	 -5.680046
 -0.070825	 -5.441149
 -0.067435	 -5.185812
 -0.064611	 -4.951008
 -0.061221	 -4.699968
 -0.058326	 -4.499205
