 -0.067365	 -5.180218
 -0.064682	 -4.959671
 -0.061857	 -4.755770
 -0.058467	 -4.520557
 -0.056137	 -4.280159
 -0.053101	 -4.057975
 -0.050276	 -3.857075
 -0.047523	 -3.621725
 -0.045404	 -3.400838
 -0.042580	 -3.173811
 -0.040179	 -2.974070
 -0.037637	 -2.792339
 -0.035095	 -2.579024
 -0.032553	 -2.389175
 -0.030152	 -2.175791
 -0.026551	 -2.012274
 -0.026480	 -1.799777
 -0.026197	 -1.618183
 -0.025986	 -1.407323
 -0.025915	 -1.234051
 -0.025632	 -1.054708
 -0.025632	 -0.880072
 -0.025632	 -0.669553
 -0.025209	 -0.501193
 -0.025138	 -0.342178
 -0.022455	 -0.150556
  0.000353	  0.010301
  0.000353	  0.199808
  0.000424	  0.367009
  0.000353	  0.537280
  0.000494	  0.723649
  0.000353	  0.909132
  0.026551	  1.090863
  0.026692	  1.251924
  0.026904	  1.447230
  0.026833	  1.620502
  0.027186	  1.819492
  0.027539	  2.019505
  0.031070	  2.205943
  0.033471	  2.404524
  0.035871	  2.613201
  0.038272	  2.799502
  0.040814	  3.000266
  0.043356	  3.187659
  0.045757	  3.396131
  0.048299	  3.616063
  0.050982	  3.814644
  0.053313	  4.015135
  0.055996	  4.231111
  0.058538	  4.441834
  0.061151	  4.682232
  0.063622	  4.893228
  0.066870	  5.099653
  0.069130	  5.337186
  0.072237	  5.569057
  0.074920	  5.776165
  0.077957	  6.021065
  0.080852	  6.210845
  0.083818	  6.474437
  0.085089	  6.507250
  0.083535	  6.377364
  0.081840	  6.233630
  0.080005	  6.113704
  0.078522	  5.961034
  0.076897	  5.851272
  0.075203	  5.695873
  0.073579	  5.574105
  0.071460	  5.446197
  0.070119	  5.312423
  0.068283	  5.180900
  0.066800	  5.040646
  0.065034	  4.929588
  0.063693	  4.791243
  0.061786	  4.657059
  0.060515	  4.530653
  0.058962	  4.401859
  0.057338	  4.293939
  0.055643	  4.151774
  0.054089	  4.041467
  0.052748	  3.912877
  0.051265	  3.793701
  0.049711	  3.671456
  0.048158	  3.541570
  0.046746	  3.424236
  0.045333	  3.294146
  0.043780	  3.181042
  0.042227	  3.071143
  0.040955	  2.943372
  0.039402	  2.837499
  0.037849	  2.702361
  0.036719	  2.605833
  0.035306	  2.483178
  0.033894	  2.360524
  0.032199	  2.245032
  0.030787	  2.148504
  0.028104	  2.026395
  0.027892	  1.911108
  0.027821	  1.796230
  0.027680	  1.698065
  0.027539	  1.571795
  0.027468	  1.470970
  0.027610	  1.362709
  0.027257	  1.258473
  0.027257	  1.143118
  0.027257	  1.052252
  0.027115	  0.931576
  0.027115	  0.832115
  0.026904	  0.721330
  0.026833	  0.621528
  0.026762	  0.535233
  0.026692	  0.430110
  0.026409	  0.329899
  0.025986	  0.229756
  0.008474	  0.124156
  0.000989	  0.026264
  0.000847	 -0.066444
  0.000918	 -0.178934
  0.001059	 -0.278395
  0.000918	 -0.381539
  0.000989	 -0.482160
  0.001200	 -0.592263
  0.000918	 -0.691996
  0.000989	 -0.805988
  0.001059	 -0.896375
 -0.025209	 -1.000475
 -0.025350	 -1.112897
 -0.025350	 -1.231050
 -0.025421	 -1.329897
 -0.025350	 -1.442864
 -0.025491	 -1.556787
 -0.025491	 -1.673166
 -0.025774	 -1.774537
 -0.025774	 -1.894395
 -0.025774	 -2.020802
 -0.028104	 -2.130086
 -0.030010	 -2.248443
 -0.031846	 -2.364003
 -0.033259	 -2.479290
 -0.034742	 -2.617635
 -0.036083	 -2.732513
 -0.037566	 -2.857487
 -0.038908	 -2.975434
 -0.040744	 -3.101500
 -0.042015	 -3.220335
 -0.043780	 -3.343808
 -0.045051	 -3.477105
 -0.046675	 -3.607536
 -0.048299	 -3.727189
 -0.049923	 -3.866626
 -0.051477	 -3.973522
 -0.053313	 -4.114527
 -0.054796	 -4.240593
 -0.056561	 -4.378187
 -0.057973	 -4.515031
 -0.059668	 -4.655763
 -0.061433	 -4.772688
 -0.063340	 -4.927268
 -0.064752	 -5.064931
 -0.066376	 -5.202048
 -0.068212	 -5.346941
 -0.069836	 -5.473689
 -0.071884	 -5.611556
 -0.073296	 -5.753516
 -0.075273	 -5.906528
 -0.077109	 -6.054218
 -0.078804	 -6.196588
 -0.080781	 -6.342505
 -0.082335	 -6.409017
 -0.079087	 -6.166913
 -0.076262	 -5.895477
 -0.073014	 -5.692530
 -0.070189	 -5.435419
 -0.067577	 -5.186699
 -0.064117	 -4.973042
 -0.061574	 -4.719137
 -0.058397	 -4.496954
 -0.055502	 -4.283092
 -0.053030	 -4.029801
 -0.050206	 -3.842545
 -0.047523	 -3.609105
 -0.044980	 -3.397018
 -0.042297	 -3.192093
 -0.040179	 -2.971819
 -0.037001	 -2.764029
 -0.034953	 -2.550372
 -0.032553	 -2.336648
 -0.029446	 -2.172585
 -0.026621	 -1.945148
 -0.026197	 -1.770512
 -0.026339	 -1.569066
 -0.025915	 -1.390337
 -0.025915	 -1.193530
 -0.025774	 -1.012618
 -0.025632	 -0.823929
 -0.025350	 -0.648337
 -0.025068	 -0.454737
 -0.024926	 -0.288150
 -0.001059	 -0.100007
  0.000353	  0.059895
  0.000565	  0.248720
  0.000635	  0.436727
  0.000282	  0.612182
  0.000353	  0.775085
  0.012004	  0.976940
  0.026692	  1.148097
  0.026551	  1.314820
  0.026974	  1.505624
  0.026833	  1.699157
  0.027257	  1.889824
  0.027680	  2.059549
  0.031917	  2.249943
  0.034318	  2.438769
  0.036436	  2.650174
  0.038978	  2.815397
  0.041309	  3.023459
  0.043780	  3.224155
  0.046040	  3.463598
  0.048440	  3.653242
  0.051336	  3.853869
  0.054089	  4.053268
  0.056490	  4.282751
  0.058821	  4.474646
  0.061716	  4.717364
  0.064470	  4.928087
  0.067012	  5.127623
  0.069695	  5.358606
  0.072520	  5.599277
  0.075485	  5.789876
  0.078169	  6.054628
  0.081276	  6.241816
  0.083959	  6.481532
  0.084947	  6.476688
  0.083111	  6.335819
  0.081558	  6.203546
  0.079581	  6.068203
  0.078027	  5.946503
  0.075909	  5.806521
  0.074638	  5.664493
  0.072520	  5.531674
  0.070966	  5.413453
  0.069483	  5.253688
  0.067930	  5.135467
  0.066306	  4.997259
  0.064611	  4.884018
  0.062916	  4.750176
  0.061504	  4.621859
  0.060021	  4.484606
  0.058256	  4.375731
  0.056632	  4.244277
  0.055360	  4.114800
  0.053666	  3.984437
  0.052324	  3.874266
  0.050771	  3.749292
  0.049076	  3.636597
  0.047734	  3.522264
  0.046463	  3.386853
  0.044910	  3.279411
  0.043498	  3.156210
  0.042227	  3.032942
  0.040673	  2.938051
  0.039402	  2.809394
  0.037849	  2.691446
  0.036719	  2.583185
  0.035165	  2.461553
  0.033753	  2.355135
  0.032341	  2.238005
  0.030505	  2.131450
  0.028245	  2.013775
  0.028033	  1.906128
  0.027680	  1.800187
  0.027680	  1.682034
  0.027539	  1.580936
  0.027539	  1.462716
  0.027468	  1.358411
  0.027257	  1.257791
  0.027115	  1.148438
  0.027257	  1.046044
  0.027186	  0.934782
  0.026974	  0.833275
  0.026833	  0.714781
  0.026762	  0.625621
  0.026762	  0.506173
  0.026692	  0.412305
  0.026409	  0.301248
  0.025562	  0.210041
  0.002472	  0.093662
  0.000847	  0.004502
  0.001059	 -0.115083
  0.000847	 -0.208677
  0.001130	 -0.313254
  0.000847	 -0.419809
  0.001059	 -0.534005
  0.000918	 -0.629646
  0.001059	 -0.731085
  0.000989	 -0.846918
  0.001059	 -0.948425
 -0.025209	 -1.049796
 -0.025138	 -1.169859
 -0.025209	 -1.278529
 -0.025350	 -1.372123
 -0.025350	 -1.490071
 -0.025491	 -1.598332
 -0.025491	 -1.707889
 -0.025774	 -1.827815
 -0.025986	 -1.942147
 -0.026197	 -2.058457
 -0.028881	 -2.172858
 -0.030717	 -2.272660
 -0.032129	 -2.404729
 -0.033824	 -2.509647
 -0.035095	 -2.646013
 -0.036507	 -2.749635
 -0.037919	 -2.889822
 -0.039614	 -3.004563
 -0.041026	 -3.136223
 -0.042721	 -3.240391
 -0.043992	 -3.382487
 -0.045404	 -3.504050
 -0.047099	 -3.622135
 -0.048582	 -3.740833
 -0.050065	 -3.890502
 -0.051477	 -3.993919
 -0.053313	 -4.152524
 -0.055008	 -4.264333
 -0.056561	 -4.412637
 -0.058185	 -4.537475
 -0.060021	 -4.675137
 -0.061574	 -4.815869
 -0.063481	 -4.952986
 -0.064823	 -5.099858
 -0.066800	 -5.224832
 -0.068353	 -5.375934
 -0.070331	 -5.511413
 -0.072025	 -5.634204
 -0.074073	 -5.785851
 -0.075697	 -5.933610
 -0.077674	 -6.102311
 -0.079510	 -6.230628
 -0.081346	 -6.385550
 -0.081487	 -6.304098
 -0.077957	 -6.066497
 -0.075556	 -5.827259
 -0.071884	 -5.577379
 -0.068848	 -5.354309
 -0.065811	 -5.107294
 -0.063269	 -4.889476
 -0.059880	 -4.636390
 -0.057620	 -4.411272
 -0.055078	 -4.190726
 -0.052324	 -3.979730
 -0.049641	 -3.787835
 -0.046958	 -3.558283
 -0.044274	 -3.338555
 -0.041874	 -3.117804
 -0.039331	 -2.919428
 -0.036507	 -2.716891
 -0.034389	 -2.504940
 -0.031564	 -2.318502
 -0.028386	 -2.124151
 -0.026409	 -1.914383
 -0.026056	 -1.740565
 -0.025986	 -1.534753
 -0.025915	 -1.352954
 -0.025915	 -1.165493
 -0.025562	 -0.972301
 -0.025421	 -0.781088
 -0.025279	 -0.612796
 -0.025068	 -0.432225
 -0.024926	 -0.249402
  0.000424	 -0.065011
  0.000424	  0.101371
  0.000282	  0.290060
  0.000494	  0.461013
  0.000635	  0.630396
  0.000424	  0.802440
  0.026409	  0.986695
  0.026833	  1.165902
  0.026762	  1.351726
  0.026692	  1.553240
  0.026974	  1.733879
  0.027115	  1.921614
  0.029446	  2.106005
  0.032199	  2.312840
  0.035024	  2.498323
  0.036860	  2.710683
  0.039684	  2.915199
  0.041732	  3.106275
  0.044486	  3.318499
  0.047169	  3.496137
  0.049570	  3.720163
  0.051901	  3.906669
  0.054796	  4.126397
  0.057408	  4.333710
  0.059880	  4.568854
  0.062069	  4.774939
  0.064893	  4.987641
  0.067859	  5.206414
  0.070401	  5.410656
  0.073367	  5.639594
  0.076050	  5.840698
  0.078875	  6.091533
  0.081770	  6.312626
  0.084524	  6.547429
  0.084806	  6.458815
  0.082688	  6.337457
  0.081276	  6.193041
  0.079722	  6.058721
  0.078169	  5.936066
  0.076191	  5.796016
  0.074779	  5.663469
  0.073084	  5.532902
  0.071390	  5.412498
  0.069483	  5.287319
  0.068141	  5.138469
  0.066235	  4.999306
  0.064752	  4.882654
  0.062775	  4.756316
  0.061504	  4.639800
  0.059809	  4.496203
  0.058538	  4.375458
  0.056773	  4.253486
  0.055572	  4.121485
  0.053595	  3.996580
  0.052112	  3.891252
  0.050771	  3.743698
  0.049076	  3.629093
  0.047876	  3.501595
  0.046322	  3.405272
  0.044769	  3.273408
  0.043356	  3.154028
  0.041803	  3.022641
  0.040532	  2.913766
  0.039120	  2.787018
  0.037849	  2.669889
  0.036154	  2.550168
  0.034742	  2.451389
  0.033471	  2.321776
  0.032058	  2.210650
  0.029799	  2.095295
  0.028104	  1.987580
  0.027680	  1.886004
  0.027680	  1.778016
  0.027539	  1.669346
  0.027398	  1.562245
  0.027539	  1.458691
  0.027257	  1.340470
  0.027257	  1.230299
  0.027257	  1.127496
  0.027257	  1.021418
  0.027045	  0.911042
  0.027045	  0.804896
  0.027115	  0.698136
  0.026692	  0.599425
  0.026692	  0.492734
  0.026551	  0.402482
  0.026409	  0.295108
  0.025138	  0.197080
  0.000989	  0.090934
  0.000989	 -0.004502
  0.001200	 -0.122177
  0.000989	 -0.224094
  0.000989	 -0.332218
  0.000989	 -0.436250
  0.001059	 -0.532914
  0.001059	 -0.635854
  0.000918	 -0.757076
  0.001200	 -0.851147
 -0.025068	 -0.961387
 -0.025068	 -1.072854
 -0.025209	 -1.185822
 -0.025209	 -1.282485
 -0.025491	 -1.400297
 -0.025491	 -1.515175
 -0.025632	 -1.621253
 -0.025632	 -1.733743
 -0.025774	 -1.862264
 -0.025915	 -1.971821
 -0.027045	 -2.078445
 -0.029728	 -2.192436
 -0.031281	 -2.315637
 -0.032764	 -2.438360
 -0.034106	 -2.553715
 -0.035801	 -2.669480
 -0.037142	 -2.803254
 -0.038696	 -2.912402
 -0.040037	 -3.041196
 -0.041167	 -3.163510
 -0.042862	 -3.291690
 -0.044415	 -3.417005
 -0.046110	 -3.526562
 -0.047452	 -3.657949
 -0.048723	 -3.772145
 -0.050630	 -3.934502
 -0.052324	 -4.035873
 -0.053595	 -4.177628
 -0.055219	 -4.297008
 -0.056985	 -4.439787
 -0.058326	 -4.567217
 -0.060021	 -4.703857
 -0.061857	 -4.819076
 -0.063481	 -4.967994
 -0.065388	 -5.089967
 -0.067082	 -5.230426
 -0.068777	 -5.367748
 -0.070472	 -5.527581
 -0.072166	 -5.665994
 -0.074002	 -5.801746
 -0.075980	 -5.939204
 -0.077533	 -6.099446
 -0.079369	 -6.225648
 -0.081346	 -6.383435
 -0.080993	 -6.276880
 -0.077392	 -6.040029
 -0.074567	 -5.806658
 -0.071319	 -5.550570
 -0.068636	 -5.306761
 -0.065388	 -5.078642
 -0.062634	 -4.859733
 -0.060162	 -4.596346
 -0.056985	 -4.400767
 -0.054160	 -4.161120
 -0.051759	 -3.926179
 -0.048723	 -3.714978
 -0.046534	 -3.490953
 -0.043709	 -3.267882
 -0.040885	 -3.081240
 -0.038413	 -2.856873
 -0.036154	 -2.670503
 -0.033541	 -2.439656
 -0.030787	 -2.268362
 -0.026904	 -2.035127
 -0.026339	 -1.869768
 -0.026197	 -1.652905
 -0.025915	 -1.459237
 -0.025774	 -1.257586
 -0.025632	 -1.094751
 -0.025703	 -0.900059
 -0.025562	 -0.734837
 -0.025491	 -0.563952
 -0.025209	 -0.373763
 -0.024008	 -0.208677
  0.000494	 -0.019578
  0.000424	  0.148782
  0.000494	  0.320690
  0.000353	  0.502011
  0.000282	  0.678694
  0.000494	  0.843985
  0.026409	  1.040519
  0.026692	  1.194349
  0.026974	  1.401320
  0.026833	  1.578207
  0.026974	  1.762531
  0.027115	  1.930686
  0.029657	  2.144752
  0.032482	  2.336375
  0.035165	  2.538366
  0.037566	  2.708023
  0.039826	  2.933140
  0.042227	  3.129265
  0.044839	  3.325117
  0.047381	  3.523288
  0.050135	  3.741924
  0.052324	  3.954012
  0.054937	  4.174217
  0.057550	  4.372593
  0.060303	  4.599825
  0.062775	  4.814710
  0.065882	  5.021067
  0.068494	  5.242910
  0.070966	  5.466185
  0.074355	  5.687414
  0.077039	  5.914441
  0.079581	  6.151155
  0.082829	  6.392099
  0.085512	  6.569737
  0.084100	  6.406492
  0.082264	  6.296526
  0.080569	  6.146448
  0.078804	  6.022634
  0.077039	  5.875898
  0.075485	  5.747377
  0.073861	  5.602756
  0.071955	  5.476691
  0.070401	  5.336572
  0.068918	  5.208460
  0.067153	  5.079598
  0.065317	  4.962332
  0.063834	  4.831014
  0.062422	  4.689053
  0.060727	  4.555962
  0.059315	  4.439105
  0.057691	  4.314199
  0.056349	  4.194819
  0.054866	  4.071960
  0.053030	  3.952307
  0.051759	  3.848889
  0.050065	  3.710749
  0.048864	  3.605285
  0.046887	  3.464212
  0.045969	  3.343945
  0.044062	  3.227975
  0.042791	  3.118213
  0.041520	  2.999242
  0.039967	  2.880340
  0.038696	  2.758504
  0.037142	  2.653926
  0.035871	  2.539867
  0.034600	  2.420214
  0.033047	  2.309020
  0.031635	  2.200554
  0.028528	  2.083289
  0.028175	  1.974277
  0.027680	  1.858171
  0.027821	  1.753935
  0.027539	  1.626505
  0.027398	  1.521587
  0.027327	  1.414827
  0.027327	  1.316731
  0.027186	  1.192302
  0.027115	  1.100141
  0.027115	  0.979805
  0.027045	  0.875501
  0.026974	  0.763284
  0.026833	  0.667916
  0.026904	  0.553515
  0.026551	  0.459580
  0.026409	  0.358414
  0.026127	  0.257930
  0.011722	  0.155808
  0.000989	  0.053687
  0.001059	 -0.050208
  0.000918	 -0.149328
  0.001059	 -0.267207
  0.001059	 -0.368646
  0.001059	 -0.464969
  0.000989	 -0.579097
  0.000847	 -0.688858
  0.000989	 -0.792071
  0.000847	 -0.901560
 -0.025068	 -0.995768
 -0.025209	 -1.098299
 -0.025209	 -1.196054
 -0.025209	 -1.303974
 -0.025491	 -1.429153
 -0.025491	 -1.532707
 -0.025632	 -1.640831
 -0.025491	 -1.742475
 -0.025774	 -1.870587
 -0.025915	 -1.970525
 -0.027468	 -2.106755
 -0.029728	 -2.205125
 -0.031423	 -2.324368
 -0.032553	 -2.452003
 -0.034247	 -2.573907
 -0.035871	 -2.679303
 -0.037072	 -2.813214
 -0.038625	 -2.916836
 -0.040179	 -3.043925
 -0.041591	 -3.178859
 -0.043003	 -3.295033
 -0.044557	 -3.414208
 -0.046110	 -3.556237
 -0.047805	 -3.667636
 -0.049358	 -3.808845
 -0.050841	 -3.925292
 -0.052607	 -4.065002
 -0.053736	 -4.198707
 -0.055925	 -4.328252
 -0.057126	 -4.460935
 -0.058962	 -4.600576
 -0.060586	 -4.732508
 -0.062281	 -4.875287
 -0.063905	 -4.992893
 -0.065811	 -5.160299
 -0.067647	 -5.294891
 -0.069271	 -5.433168
 -0.071178	 -5.565305
 -0.072943	 -5.711972
 -0.074426	 -5.858025
 -0.076544	 -5.999781
 -0.078522	 -6.133419
 -0.080005	 -6.296117
 -0.081982	 -6.428458
 -0.079651	 -6.163843
 -0.076544	 -5.937840
 -0.073438	 -5.665175
 -0.070472	 -5.436647
 -0.067082	 -5.216919
 -0.064682	 -4.987709
 -0.061998	 -4.748130
 -0.058609	 -4.537270
 -0.056279	 -4.312221
 -0.053242	 -4.102385
 -0.051053	 -3.869218
 -0.048087	 -3.666476
 -0.045545	 -3.458277
 -0.043145	 -3.230567
 -0.040885	 -3.024142
 -0.038202	 -2.821673
 -0.035377	 -2.632847
 -0.033400	 -2.410391
 -0.030787	 -2.224635
 -0.026762	 -2.032944
 -0.026480	 -1.831089
 -0.026056	 -1.622958
 -0.025915	 -1.445866
 -0.025774	 -1.238895
 -0.025774	 -1.063644
 -0.025703	 -0.869498
 -0.025632	 -0.692201
 -0.025421	 -0.499692
 -0.025068	 -0.330717
 -0.020831	 -0.147008
  0.000635	  0.016168
  0.000353	  0.188826
  0.000424	  0.355822
  0.000424	  0.554880
  0.000353	  0.726241
  0.000424	  0.912884
  0.026409	  1.065145
  0.026551	  1.256154
  0.026904	  1.433792
  0.027115	  1.640490
  0.027045	  1.811852
  0.027468	  2.017595
  0.030787	  2.210923
  0.033894	  2.399271
  0.036013	  2.597511
  0.038555	  2.796569
  0.040673	  2.981438
  0.043215	  3.213513
  0.045757	  3.394221
  0.048440	  3.607400
  0.050700	  3.822557
  0.053242	  4.046310
  0.056067	  4.227086
  0.058467	  4.472122
  0.061080	  4.681209
  0.063622	  4.888043
  0.066306	  5.102314
  0.069130	  5.295164
  0.071955	  5.532629
  0.075132	  5.743352
  0.077321	  5.985046
  0.080711	  6.191540
  0.083323	  6.445308
  0.085512	  6.544905
  0.083818	  6.415975
  0.081982	  6.278176
  0.080287	  6.148495
  0.079228	  6.000941
  0.077180	  5.865597
  0.075485	  5.730527
  0.073790	  5.612511
  0.072378	  5.472325
  0.070331	  5.323406
  0.068565	  5.208596
  0.066800	  5.071548
  0.065317	  4.944323
  0.063764	  4.822350
  0.062492	  4.695329
  0.060374	  4.563329
  0.059244	  4.446882
  0.057620	  4.305399
  0.056067	  4.187315
  0.054513	  4.051222
  0.052960	  3.944530
  0.051477	  3.794656
  0.049853	  3.700721
  0.048652	  3.557533
  0.046958	  3.445861
  0.045475	  3.318022
  0.044274	  3.206009
  0.042580	  3.073736
  0.041379	  2.964520
  0.039614	  2.849710
  0.038272	  2.743905
  0.036931	  2.626435
  0.035589	  2.511557
  0.033965	  2.387265
  0.032623	  2.266929
  0.030787	  2.157645
  0.028104	  2.039357
  0.027821	  1.941601
  0.027680	  1.827064
  0.027680	  1.725966
  0.027539	  1.614090
  0.027539	  1.506375
  0.027257	  1.397773
  0.027327	  1.287124
  0.027398	  1.178386
  0.027115	  1.076810
  0.027115	  0.967731
  0.026833	  0.870726
  0.026974	  0.759259
  0.026974	  0.661981
  0.026833	  0.556039
  0.026551	  0.457943
  0.026268	  0.347908
  0.026127	  0.246060
  0.015535	  0.151374
  0.001059	  0.043727
  0.000989	 -0.058530
  0.001059	 -0.159219
  0.000989	 -0.262296
  0.000989	 -0.356572
  0.000989	 -0.477453
  0.001059	 -0.578688
  0.001059	 -0.691383
  0.001059	 -0.780065
  0.000918	 -0.904766
 -0.025209	 -1.000475
 -0.025068	 -1.116581
 -0.025350	 -1.210107
 -0.025279	 -1.323075
 -0.025491	 -1.439863
 -0.025491	 -1.560403
 -0.025632	 -1.660136
 -0.025632	 -1.787771
 -0.025774	 -1.888528
 -0.025915	 -2.018891
 -0.028033	 -2.123332
 -0.030152	 -2.237119
 -0.031564	 -2.357727
 -0.032976	 -2.475606
 -0.034671	 -2.586937
 -0.036224	 -2.710683
 -0.037496	 -2.825766
 -0.039049	 -2.954628
 -0.040461	 -3.061525
 -0.041591	 -3.192434
 -0.043427	 -3.325253
 -0.044980	 -3.438562
 -0.046534	 -3.565855
 -0.048087	 -3.684485
 -0.049076	 -3.827605
 -0.051053	 -3.937230
 -0.052465	 -4.089219
 -0.054019	 -4.201163
 -0.055714	 -4.349604
 -0.057267	 -4.477102
 -0.058750	 -4.605078
 -0.060586	 -4.739398
 -0.062139	 -4.866964
 -0.064046	 -5.012608
 -0.065811	 -5.150407
 -0.067365	 -5.267468
 -0.069342	 -5.416932
 -0.070754	 -5.566396
 -0.072802	 -5.698670
 -0.074567	 -5.828965
 -0.076686	 -5.990981
 -0.078380	 -6.134101
 -0.080075	 -6.295230
 -0.082052	 -6.421978
 -0.079793	 -6.163843
 -0.076686	 -5.919216
 -0.073438	 -5.688642
 -0.070684	 -5.444492
 -0.067506	 -5.204231
 -0.064752	 -4.962468
 -0.061433	 -4.738102
 -0.058750	 -4.528402
 -0.056067	 -4.277021
 -0.053383	 -4.067935
 -0.050135	 -3.841317
 -0.047946	 -3.649899
 -0.045192	 -3.404999
 -0.042933	 -3.203280
 -0.039755	 -2.993717
 -0.037778	 -2.783949
 -0.035165	 -2.569678
 -0.032764	 -2.375122
 -0.030010	 -2.174427
 -0.026551	 -1.995356
 -0.026197	 -1.796025
 -0.026339	 -1.598059
 -0.026056	 -1.432086
 -0.026056	 -1.222932
 -0.025774	 -1.058596
 -0.025491	 -0.859197
 -0.025632	 -0.702093
 -0.025279	 -0.508151
 -0.024926	 -0.340200
 -0.010239	 -0.153830
  0.000424	  0.009619
  0.000424	  0.186438
  0.000424	  0.350705
  0.000353	  0.537280
  0.000494	  0.711916
  0.000353	  0.895420
  0.026692	  1.082131
  0.026692	  1.256085
  0.026833	  1.443137
  0.026833	  1.644515
  0.027257	  1.811647
  0.027539	  2.004907
  0.030787	  2.202737
  0.033612	  2.390130
  0.035871	  2.579842
  0.038413	  2.783812
  0.040532	  2.990579
  0.043074	  3.198096
  0.045757	  3.374847
  0.047946	  3.592187
  0.050841	  3.789335
  0.053171	  4.012679
  0.055431	  4.231588
  0.058256	  4.440470
  0.061010	  4.630045
  0.063905	  4.857482
  0.066164	  5.096925
  0.069201	  5.310240
  0.071955	  5.537540
  0.074991	  5.772208
  0.077745	  5.986137
  0.080852	  6.205729
  0.083394	  6.444899
  0.084806	  6.495516
  0.083111	  6.356830
  0.081276	  6.207503
  0.079722	  6.086349
  0.078027	  5.943433
  0.076333	  5.820642
  0.074779	  5.679910
  0.073226	  5.554526
  0.071531	  5.423072
  0.069836	  5.298370
  0.068424	  5.170531
  0.066729	  5.039008
  0.065317	  4.940366
  0.063834	  4.795131
  0.061998	  4.675887
  0.060303	  4.544501
  0.058821	  4.421846
  0.057126	  4.297418
  0.055643	  4.177287
  0.054301	  4.045355
  0.052818	  3.915469
  0.051194	  3.794179
  0.049853	  3.676231
  0.048229	  3.563536
  0.046887	  3.432627
  0.045263	  3.318704
  0.044204	  3.196800
  0.042438	  3.071007
  0.041238	  2.968613
  0.039684	  2.833201
  0.038272	  2.726782
  0.036577	  2.614224
  0.035589	  2.503916
  0.034177	  2.371029
  0.032553	  2.277299
  0.030646	  2.156008
  0.028104	  2.047202
  0.028104	  1.931778
  0.027821	  1.813967
  0.027398	  1.695678
  0.027680	  1.597036
  0.027398	  1.482362
  0.027257	  1.381469
  0.027257	  1.272389
  0.027257	  1.155533
  0.027257	  1.058596
  0.027115	  0.944810
  0.026974	  0.835116
  0.026974	  0.736815
  0.026692	  0.637218
  0.026833	  0.526638
  0.026551	  0.428678
  0.026551	  0.322941
  0.025844	  0.231461
  0.008120	  0.123883
  0.001059	  0.025104
  0.001059	 -0.074630
  0.000989	 -0.173954
  0.000989	 -0.278668
  0.000989	 -0.382836
  0.001059	 -0.492324
  0.000918	 -0.581211
  0.000989	 -0.704276
  0.000989	 -0.795891
  0.001130	 -0.899241
 -0.024926	 -1.009616
 -0.025138	 -1.110578
 -0.025138	 -1.218702
 -0.025350	 -1.328941
 -0.025350	 -1.450573
 -0.025632	 -1.559516
 -0.025491	 -1.674257
 -0.025632	 -1.781973
 -0.025774	 -1.902308
 -0.026127	 -2.011319
 -0.028316	 -2.125515
 -0.030364	 -2.253559
 -0.031846	 -2.353770
 -0.033118	 -2.484884
 -0.034671	 -2.595123
 -0.036083	 -2.729989
 -0.037496	 -2.831564
 -0.039049	 -2.975230
 -0.040814	 -3.091199
 -0.042015	 -3.220471
 -0.043427	 -3.332757
 -0.044980	 -3.466463
 -0.046675	 -3.581272
 -0.048087	 -3.708702
 -0.049641	 -3.831084
 -0.051547	 -3.975364
 -0.053171	 -4.106887
 -0.054372	 -4.241752
 -0.056279	 -4.364134
 -0.057973	 -4.517487
 -0.059527	 -4.649897
 -0.061292	 -4.788583
 -0.063128	 -4.910214
 -0.064752	 -5.051424
 -0.066235	 -5.184448
 -0.068353	 -5.332888
 -0.069624	 -5.467618
 -0.071884	 -5.602893
 -0.073438	 -5.748468
 -0.075273	 -5.885858
 -0.077109	 -6.053945
 -0.078522	 -6.166299
 -0.080781	 -6.325382
 -0.081911	 -6.379206
 -0.078663	 -6.129667
 -0.075697	 -5.892612
 -0.072873	 -5.630179
 -0.069624	 -5.418910
 -0.067012	 -5.161458
 -0.064117	 -4.947734
 -0.060868	 -4.713407
 -0.058538	 -4.473623
 -0.055502	 -4.250348
 -0.052465	 -4.029051
 -0.049711	 -3.780740
 -0.047099	 -3.596758
 -0.044274	 -3.369390
 -0.042297	 -3.152595
 -0.039614	 -2.936755
 -0.037072	 -2.728283
 -0.034247	 -2.537138
 -0.031846	 -2.339581
 -0.028740	 -2.134383
 -0.026339	 -1.928981
 -0.026339	 -1.723306
 -0.026197	 -1.548738
 -0.025915	 -1.358207
 -0.026056	 -1.175657
 -0.025774	 -0.973939
 -0.025491	 -0.802713
 -0.025491	 -0.615798
 -0.025350	 -0.431338
 -0.024785	 -0.250221
  0.000424	 -0.104100
  0.000494	  0.083157
  0.000353	  0.250221
  0.000424	  0.450302
  0.000282	  0.599767
  0.000635	  0.794936
  0.009886	  0.959545
  0.026692	  1.162014
  0.026692	  1.333853
  0.026833	  1.529500
  0.026974	  1.696087
  0.027186	  1.905787
  0.028033	  2.066302
  0.031776	  2.287668
  0.034459	  2.459302
  0.036719	  2.643012
  0.039261	  2.846981
  0.041238	  3.053066
  0.043639	  3.254034
  0.046181	  3.451660
  0.048652	  3.631412
  0.050982	  3.854824
  0.053454	  4.065479
  0.055925	  4.266788
  0.058750	  4.488563
  0.061221	  4.689326
  0.064470	  4.897048
  0.066870	  5.101154
  0.069836	  5.335481
  0.072237	  5.562917
  0.075485	  5.777870
  0.077886	  6.001009
  0.080852	  6.234585
  0.084100	  6.456223
  0.084524	  6.476483
  0.082970	  6.348235
  0.081134	  6.192563
  0.079440	  6.080073
  0.078027	  5.918193
  0.076050	  5.807544
  0.074214	  5.665448
  0.072873	  5.548250
  0.071249	  5.390873
  0.069483	  5.282135
  0.067930	  5.146178
  0.066376	  5.015883
  0.064682	  4.891318
  0.063340	  4.756998
  0.061363	  4.629977
  0.059809	  4.508141
  0.058256	  4.379688
  0.056914	  4.243731
  0.055360	  4.123464
  0.053736	  3.985051
  0.051971	  3.878905
  0.050771	  3.745062
  0.049076	  3.620975
  0.047876	  3.513806
  0.046040	  3.387672
  0.044769	  3.273681
  0.043074	  3.141339
  0.042085	  3.037785
  0.040532	  2.908991
  0.039120	  2.796432
  0.037849	  2.694993
  0.036295	  2.566676
  0.035165	  2.466602
  0.033329	  2.341900
  0.032058	  2.226136
  0.030364	  2.107983
  0.027963	  2.010228
  0.027821	  1.898624
  0.027539	  1.784974
  0.027539	  1.680943
  0.027751	  1.576297
  0.027398	  1.461147
  0.027257	  1.360799
  0.027257	  1.245921
  0.027115	  1.129133
  0.027115	  1.029604
  0.027115	  0.931439
  0.026974	  0.816288
  0.026833	  0.720511
  0.026692	  0.603655
  0.026692	  0.516269
  0.026551	  0.396411
  0.026268	  0.295927
  0.025562	  0.191554
  0.000989	  0.104986
  0.000989	 -0.015213
  0.001059	 -0.103213
  0.001059	 -0.224844
  0.000918	 -0.315096
  0.000989	 -0.429837
  0.000989	 -0.527729
  0.000989	 -0.643016
  0.001059	 -0.736679
  0.001059	 -0.844871
 -0.025138	 -0.944264
 -0.024997	 -1.064941
 -0.025068	 -1.163992
 -0.025209	 -1.276892
 -0.025350	 -1.387199
 -0.025350	 -1.494709
 -0.025491	 -1.604471
 -0.025774	 -1.735039
 -0.025703	 -1.841936
 -0.025774	 -1.953062
 -0.026056	 -2.071896
 -0.029304	 -2.192095
 -0.030717	 -2.301652
 -0.032058	 -2.413119
 -0.033682	 -2.529907
 -0.035095	 -2.641988
 -0.036648	 -2.777945
 -0.037778	 -2.892005
 -0.039684	 -3.006269
 -0.041167	 -3.118759
 -0.042791	 -3.246735
 -0.043992	 -3.371845
 -0.045687	 -3.506302
 -0.046958	 -3.620634
 -0.048511	 -3.739400
 -0.050065	 -3.878154
 -0.051618	 -4.002037
 -0.053101	 -4.134379
 -0.054796	 -4.256624
 -0.056420	 -4.376141
 -0.058256	 -4.535155
 -0.059950	 -4.656991
 -0.061786	 -4.803522
 -0.063199	 -4.922016
 -0.065034	 -5.098221
 -0.066517	 -5.214600
 -0.068494	 -5.344349
 -0.070331	 -5.502750
 -0.071884	 -5.655829
 -0.073790	 -5.769479
 -0.075556	 -5.925833
 -0.077392	 -6.070659
 -0.079228	 -6.229264
 -0.081064	 -6.362561
 -0.081064	 -6.283838
 -0.078239	 -6.036482
 -0.074850	 -5.786193
 -0.071813	 -5.553572
 -0.068494	 -5.331388
 -0.066164	 -5.081371
 -0.062775	 -4.829649
 -0.059950	 -4.615993
 -0.057408	 -4.378324
 -0.054584	 -4.183495
 -0.051689	 -3.937708
 -0.048935	 -3.740901
 -0.046534	 -3.491226
 -0.043780	 -3.295647
 -0.041167	 -3.090176
 -0.038767	 -2.868811
 -0.036224	 -2.652698
 -0.033824	 -2.458620
 -0.031423	 -2.284393
 -0.026833	 -2.078991
 -0.026480	 -1.873247
 -0.026480	 -1.679851
 -0.025915	 -1.496006
 -0.026056	 -1.316117
 -0.025774	 -1.118082
 -0.025632	 -0.936214
 -0.025562	 -0.773039
 -0.025350	 -0.581484
 -0.025209	 -0.415716
 -0.024785	 -0.217136
  0.000494	 -0.051982
  0.000424	  0.109966
  0.000424	  0.286513
  0.000353	  0.476839
  0.000282	  0.646154
  0.000424	  0.816561
  0.026551	  1.000611
  0.026692	  1.173747
  0.026974	  1.369599
  0.026833	  1.542189
  0.027045	  1.740428
  0.027257	  1.933756
  0.028810	  2.116579
  0.032341	  2.317615
  0.034600	  2.494707
  0.037284	  2.695471
  0.039261	  2.906535
  0.042227	  3.112620
  0.044204	  3.297625
  0.047099	  3.527995
  0.049641	  3.705496
  0.052112	  3.943916
  0.054725	  4.132741
  0.057408	  4.359291
  0.059880	  4.549413
  0.062916	  4.778759
  0.065176	  5.000670
  0.068000	  5.226197
  0.071037	  5.424641
  0.073649	  5.686663
  0.076615	  5.881970
  0.079157	  6.135602
  0.082264	  6.354511
  0.085371	  6.555547
  0.084241	  6.415361
  0.081982	  6.274697
  0.080569	  6.143242
  0.078733	  6.021815
  0.077392	  5.874397
  0.075626	  5.743011
  0.073932	  5.613739
  0.072237	  5.484535
  0.070684	  5.343121
  0.068989	  5.224286
  0.066941	  5.099585
  0.065741	  4.976112
  0.064399	  4.840155
  0.062563	  4.713066
  0.061010	  4.587751
  0.059456	  4.476898
  0.058044	  4.338348
  0.056420	  4.221014
  0.054937	  4.096995
  0.053313	  3.977206
  0.051689	  3.839407
  0.050206	  3.728690
  0.048723	  3.601056
  0.047593	  3.476764
  0.045757	  3.356155
  0.044486	  3.238890
  0.043003	  3.125240
  0.041662	  3.002721
  0.040037	  2.886957
  0.038837	  2.778491
  0.037425	  2.650174
  0.035871	  2.535979
  0.034600	  2.410459
  0.033047	  2.308542
  0.031352	  2.200281
  0.028810	  2.080219
  0.027963	  1.973731
  0.027821	  1.856671
  0.027680	  1.755504
  0.027610	  1.633532
  0.027680	  1.528955
  0.027539	  1.432154
  0.027398	  1.305270
  0.027257	  1.210107
  0.027398	  1.101710
  0.027257	  1.001839
  0.026974	  0.882937
  0.026833	  0.785113
  0.026833	  0.670917
  0.026833	  0.581894
  0.026621	  0.468926
  0.026621	  0.375195
  0.026480	  0.273756
  0.023161	  0.164267
  0.001200	  0.064534
  0.000847	 -0.036360
  0.000989	 -0.131796
  0.000918	 -0.240807
  0.001059	 -0.346135
  0.001130	 -0.453441
  0.001059	 -0.539940
  0.001130	 -0.658570
  0.001059	 -0.758031
  0.001059	 -0.866223
 -0.024926	 -0.951495
 -0.025068	 -1.062826
 -0.025209	 -1.181115
 -0.025350	 -1.290535
 -0.025491	 -1.400297
 -0.025491	 -1.501804
 -0.025491	 -1.608837
 -0.025844	 -1.731901
 -0.025703	 -1.846233
 -0.025915	 -1.966091
 -0.026480	 -2.064733
 -0.029375	 -2.197894
 -0.030999	 -2.308883
 -0.032764	 -2.423420
 -0.033965	 -2.546143
 -0.035942	 -2.672004
 -0.036931	 -2.786268
 -0.038413	 -2.902851
 -0.040037	 -3.028712
 -0.041591	 -3.169376
 -0.043215	 -3.293464
 -0.044415	 -3.424646
 -0.045898	 -3.549074
 -0.047664	 -3.668386
 -0.049217	 -3.798545
 -0.050912	 -3.926384
 -0.052254	 -4.048084
 -0.053948	 -4.193591
 -0.055360	 -4.302739
 -0.057055	 -4.459161
 -0.058609	 -4.589456
 -0.060445	 -4.715999
 -0.061998	 -4.855640
 -0.063975	 -4.997600
 -0.065670	 -5.119095
 -0.067294	 -5.283226
 -0.069201	 -5.401788
 -0.070754	 -5.546340
 -0.072449	 -5.674180
 -0.073932	 -5.824872
 -0.075980	 -5.969970
 -0.077815	 -6.090101
 -0.079510	 -6.254232
 -0.081487	 -6.382548
 -0.080569	 -6.239360
 -0.077815	 -6.024817
 -0.073861	 -5.763340
 -0.071319	 -5.535153
 -0.068071	 -5.258054
 -0.065317	 -5.053061
 -0.062634	 -4.794040
 -0.059668	 -4.574039
 -0.056561	 -4.356562
 -0.053948	 -4.116915
 -0.051265	 -3.911035
 -0.048511	 -3.708839
 -0.046040	 -3.461210
 -0.043286	 -3.266040
 -0.040602	 -3.048291
 -0.038343	 -2.832656
 -0.035801	 -2.637077
 -0.033541	 -2.420214
 -0.030575	 -2.211264
 -0.026621	 -2.042495
 -0.026480	 -1.841254
 -0.026197	 -1.653451
 -0.026056	 -1.451051
 -0.026056	 -1.256085
 -0.025774	 -1.076947
 -0.025774	 -0.907904
 -0.025491	 -0.709733
 -0.025209	 -0.526774
 -0.025068	 -0.351456
 -0.023797	 -0.173545
  0.000565	  0.002319
  0.000494	  0.164608
  0.000353	  0.365372
  0.000494	  0.521453
  0.000353	  0.709460
  0.000424	  0.876865
  0.026409	  1.063781
  0.026692	  1.248650
  0.026692	  1.431609
  0.027115	  1.625277
  0.027115	  1.822494
  0.027257	  2.002928
  0.030364	  2.168151
  0.033047	  2.376896
  0.035448	  2.572680
  0.038060	  2.743768
  0.040391	  2.945760
  0.042509	  3.165079
  0.044910	  3.355405
  0.047311	  3.560534
  0.049853	  3.761571
  0.052607	  3.950533
  0.054796	  4.163439
  0.057550	  4.381462
  0.060233	  4.562920
  0.062704	  4.801817
  0.065458	  5.023386
  0.068283	  5.259009
  0.070966	  5.462774
  0.073790	  5.689460
  0.076968	  5.891998
  0.079863	  6.130349
  0.082546	  6.348917
  0.085936	  6.535287
  0.084100	  6.408403
  0.081840	  6.277016
  0.080428	  6.141059
  0.079016	  5.997189
  0.076897	  5.878763
  0.075485	  5.742806
  0.073649	  5.604257
  0.072237	  5.487401
  0.070331	  5.361199
  0.069130	  5.209211
  0.067294	  5.083008
  0.065670	  4.949371
  0.064328	  4.826784
  0.062422	  4.701196
  0.061010	  4.577041
  0.059244	  4.438491
  0.057691	  4.330435
  0.056067	  4.196183
  0.054796	  4.078236
  0.052818	  3.940778
  0.051406	  3.833677
  0.049853	  3.690761
  0.048511	  3.591914
  0.047311	  3.463871
  0.045616	  3.345036
  0.044345	  3.242846
  0.042791	  3.114871
  0.041520	  2.996650
  0.040108	  2.877133
  0.038696	  2.774057
  0.037425	  2.657747
  0.036154	  2.537684
  0.034318	  2.426899
  0.033329	  2.305336
  0.031493	  2.194687
  0.029516	  2.083698
  0.028104	  1.979735
  0.027963	  1.864447
  0.027680	  1.757210
  0.027539	  1.652633
  0.027398	  1.536186
  0.027398	  1.435974
  0.027398	  1.318709
  0.027186	  1.217884
  0.027327	  1.097139
  0.027257	  1.007843
  0.027115	  0.885188
  0.027115	  0.796164
  0.026974	  0.681832
  0.026762	  0.585714
  0.026692	  0.467016
  0.026409	  0.369738
  0.026268	  0.268026
  0.023302	  0.162494
  0.001059	  0.060372
  0.001059	 -0.041340
  0.000989	 -0.142370
